0.018257 0.038119 0.059582 0.082616 0.10716 0.13311 0.16034 0.18868 0.2179 0.24778 0.27802 0.30832 0.33835 0.36778 0.39626 0.42347 0.39626 0.36778 0.33835 0.30832 0.27802 0.24778 0.2179 0.18868 0.16034 0.13311 0.10716 0.082616 0.059582 0.038119 0.018257
0.038119 0.079689 0.12471 0.17314 0.22484 0.27961 0.33718 0.39716 0.4591 0.52247 0.58666 0.65099 0.71474 0.77717 0.83754 0.89511 0.83754 0.77717 0.71474 0.65099 0.58666 0.52247 0.4591 0.39716 0.33718 0.27961 0.22484 0.17314 0.12471 0.079689 0.038119
0.059582 0.12471 0.19542 0.27163 0.35316 0.43968 0.53076 0.62581 0.72408 0.8247 0.92668 1.0289 1.1302 1.2294 1.3251 1.4163 1.3251 1.2294 1.1302 1.0289 0.92668 0.8247 0.72408 0.62581 0.53076 0.43968 0.35316 0.27163 0.19542 0.12471 0.059582
0.082616 0.17314 0.27163 0.37801 0.49203 0.61326 0.74107 0.87464 1.0129 1.1546 1.2983 1.4424 1.5851 1.7248 1.8595 1.9876 1.8595 1.7248 1.5851 1.4424 1.2983 1.1546 1.0129 0.87464 0.74107 0.61326 0.49203 0.37801 0.27163 0.17314 0.082616
0.10716 0.22484 0.35316 0.49203 0.64115 0.79999 0.96772 1.1432 1.3251 1.5117 1.701 1.8909 2.079 2.2629 2.4402 2.6085 2.4402 2.2629 2.079 1.8909 1.701 1.5117 1.3251 1.1432 0.96772 0.79999 0.64115 0.49203 0.35316 0.22484 0.10716
0.13311 0.27961 0.43968 0.61326 0.79999 0.99922 1.2099 1.4307 1.6597 1.8949 2.1336 2.3731 2.6104 2.8423 3.0656 3.2772 3.0656 2.8423 2.6104 2.3731 2.1336 1.8949 1.6597 1.4307 1.2099 0.99922 0.79999 0.61326 0.43968 0.27961 0.13311
0.16034 0.33718 0.53076 0.74107 0.96772 1.2099 1.4664 1.7355 2.015 2.3022 2.594 2.8867 3.1767 3.46 3.7325 3.9904 3.7325 3.46 3.1767 2.8867 2.594 2.3022 2.015 1.7355 1.4664 1.2099 0.96772 0.74107 0.53076 0.33718 0.16034
0.18868 0.39716 0.62581 0.87464 1.1432 1.4307 1.7355 2.0558 2.3887 2.731 3.0789 3.4282 3.7741 4.1119 4.4366 4.7434 4.4366 4.1119 3.7741 3.4282 3.0789 2.731 2.3887 2.0558 1.7355 1.4307 1.1432 0.87464 0.62581 0.39716 0.18868
0.2179 0.4591 0.72408 1.0129 1.3251 1.6597 2.015 2.3887 2.7775 3.1775 3.5844 3.9929 4.3975 4.7923 5.1716 5.5296 5.1716 4.7923 4.3975 3.9929 3.5844 3.1775 2.7775 2.3887 2.015 1.6597 1.3251 1.0129 0.72408 0.4591 0.2179
0.24778 0.52247 0.8247 1.1546 1.5117 1.8949 2.3022 2.731 3.1775 3.6374 4.1052 4.575 5.0403 5.4942 5.93 6.3408 5.93 5.4942 5.0403 4.575 4.1052 3.6374 3.1775 2.731 2.3022 1.8949 1.5117 1.1546 0.8247 0.52247 0.24778
0.27802 0.58666 0.92668 1.2983 1.701 2.1336 2.594 3.0789 3.5844 4.1052 4.6353 5.1677 5.695 6.2092 6.7026 7.1672 6.7026 6.2092 5.695 5.1677 4.6353 4.1052 3.5844 3.0789 2.594 2.1336 1.701 1.2983 0.92668 0.58666 0.27802
0.30832 0.65099 1.0289 1.4424 1.8909 2.3731 2.8867 3.4282 3.9929 4.575 5.1677 5.7631 6.3528 6.9277 7.479 7.9978 7.479 6.9277 6.3528 5.7631 5.1677 4.575 3.9929 3.4282 2.8867 2.3731 1.8909 1.4424 1.0289 0.65099 0.30832
0.33835 0.71474 1.1302 1.5851 2.079 2.6104 3.1767 3.7741 4.3975 5.0403 5.695 6.3528 7.0042 7.6392 8.2478 8.8202 8.2478 7.6392 7.0042 6.3528 5.695 5.0403 4.3975 3.7741 3.1767 2.6104 2.079 1.5851 1.1302 0.71474 0.33835
0.36778 0.77717 1.2294 1.7248 2.2629 2.8423 3.46 4.1119 4.7923 5.4942 6.2092 6.9277 7.6392 8.3327 8.9972 9.6218 8.9972 8.3327 7.6392 6.9277 6.2092 5.4942 4.7923 4.1119 3.46 2.8423 2.2629 1.7248 1.2294 0.77717 0.36778
0.39626 0.83754 1.3251 1.8595 2.4402 3.0656 3.7325 4.4366 5.1716 5.93 6.7026 7.479 8.2478 8.9972 9.715 10.39 9.715 8.9972 8.2478 7.479 6.7026 5.93 5.1716 4.4366 3.7325 3.0656 2.4402 1.8595 1.3251 0.83754 0.39626
0.42347 0.89511 1.4163 1.9876 2.6085 3.2772 3.9904 4.7434 5.5296 6.3408 7.1672 7.9978 8.8202 9.6218 10.39 11.111 10.39 9.6218 8.8202 7.9978 7.1672 6.3408 5.5296 4.7434 3.9904 3.2772 2.6085 1.9876 1.4163 0.89511 0.42347
0.39626 0.83754 1.3251 1.8595 2.4402 3.0656 3.7325 4.4366 5.1716 5.93 6.7026 7.479 8.2478 8.9972 9.715 10.39 9.715 8.9972 8.2478 7.479 6.7026 5.93 5.1716 4.4366 3.7325 3.0656 2.4402 1.8595 1.3251 0.83754 0.39626
0.36778 0.77717 1.2294 1.7248 2.2629 2.8423 3.46 4.1119 4.7923 5.4942 6.2092 6.9277 7.6392 8.3327 8.9972 9.6218 8.9972 8.3327 7.6392 6.9277 6.2092 5.4942 4.7923 4.1119 3.46 2.8423 2.2629 1.7248 1.2294 0.77717 0.36778
0.33835 0.71474 1.1302 1.5851 2.079 2.6104 3.1767 3.7741 4.3975 5.0403 5.695 6.3528 7.0042 7.6392 8.2478 8.8202 8.2478 7.6392 7.0042 6.3528 5.695 5.0403 4.3975 3.7741 3.1767 2.6104 2.079 1.5851 1.1302 0.71474 0.33835
0.30832 0.65099 1.0289 1.4424 1.8909 2.3731 2.8867 3.4282 3.9929 4.575 5.1677 5.7631 6.3528 6.9277 7.479 7.9978 7.479 6.9277 6.3528 5.7631 5.1677 4.575 3.9929 3.4282 2.8867 2.3731 1.8909 1.4424 1.0289 0.65099 0.30832
0.27802 0.58666 0.92668 1.2983 1.701 2.1336 2.594 3.0789 3.5844 4.1052 4.6353 5.1677 5.695 6.2092 6.7026 7.1672 6.7026 6.2092 5.695 5.1677 4.6353 4.1052 3.5844 3.0789 2.594 2.1336 1.701 1.2983 0.92668 0.58666 0.27802
0.24778 0.52247 0.8247 1.1546 1.5117 1.8949 2.3022 2.731 3.1775 3.6374 4.1052 4.575 5.0403 5.4942 5.93 6.3408 5.93 5.4942 5.0403 4.575 4.1052 3.6374 3.1775 2.731 2.3022 1.8949 1.5117 1.1546 0.8247 0.52247 0.24778
0.2179 0.4591 0.72408 1.0129 1.3251 1.6597 2.015 2.3887 2.7775 3.1775 3.5844 3.9929 4.3975 4.7923 5.1716 5.5296 5.1716 4.7923 4.3975 3.9929 3.5844 3.1775 2.7775 2.3887 2.015 1.6597 1.3251 1.0129 0.72408 0.4591 0.2179
0.18868 0.39716 0.62581 0.87464 1.1432 1.4307 1.7355 2.0558 2.3887 2.731 3.0789 3.4282 3.7741 4.1119 4.4366 4.7434 4.4366 4.1119 3.7741 3.4282 3.0789 2.731 2.3887 2.0558 1.7355 1.4307 1.1432 0.87464 0.62581 0.39716 0.18868
0.16034 0.33718 0.53076 0.74107 0.96772 1.2099 1.4664 1.7355 2.015 2.3022 2.594 2.8867 3.1767 3.46 3.7325 3.9904 3.7325 3.46 3.1767 2.8867 2.594 2.3022 2.015 1.7355 1.4664 1.2099 0.96772 0.74107 0.53076 0.33718 0.16034
0.13311 0.27961 0.43968 0.61326 0.79999 0.99922 1.2099 1.4307 1.6597 1.8949 2.1336 2.3731 2.6104 2.8423 3.0656 3.2772 3.0656 2.8423 2.6104 2.3731 2.1336 1.8949 1.6597 1.4307 1.2099 0.99922 0.79999 0.61326 0.43968 0.27961 0.13311
0.10716 0.22484 0.35316 0.49203 0.64115 0.79999 0.96772 1.1432 1.3251 1.5117 1.701 1.8909 2.079 2.2629 2.4402 2.6085 2.4402 2.2629 2.079 1.8909 1.701 1.5117 1.3251 1.1432 0.96772 0.79999 0.64115 0.49203 0.35316 0.22484 0.10716
0.082616 0.17314 0.27163 0.37801 0.49203 0.61326 0.74107 0.87464 1.0129 1.1546 1.2983 1.4424 1.5851 1.7248 1.8595 1.9876 1.8595 1.7248 1.5851 1.4424 1.2983 1.1546 1.0129 0.87464 0.74107 0.61326 0.49203 0.37801 0.27163 0.17314 0.082616
0.059582 0.12471 0.19542 0.27163 0.35316 0.43968 0.53076 0.62581 0.72408 0.8247 0.92668 1.0289 1.1302 1.2294 1.3251 1.4163 1.3251 1.2294 1.1302 1.0289 0.92668 0.8247 0.72408 0.62581 0.53076 0.43968 0.35316 0.27163 0.19542 0.12471 0.059582
0.038119 0.079689 0.12471 0.17314 0.22484 0.27961 0.33718 0.39716 0.4591 0.52247 0.58666 0.65099 0.71474 0.77717 0.83754 0.89511 0.83754 0.77717 0.71474 0.65099 0.58666 0.52247 0.4591 0.39716 0.33718 0.27961 0.22484 0.17314 0.12471 0.079689 0.038119
0.018257 0.038119 0.059582 0.082616 0.10716 0.13311 0.16034 0.18868 0.2179 0.24778 0.27802 0.30832 0.33835 0.36778 0.39626 0.42347 0.39626 0.36778 0.33835 0.30832 0.27802 0.24778 0.2179 0.18868 0.16034 0.13311 0.10716 0.082616 0.059582 0.038119 0.018257
