NaN NaN NaN NaN NaN NaN NaN NaN NaN NaN NaN NaN NaN NaN NaN NaN NaN NaN NaN NaN NaN NaN NaN NaN NaN NaN NaN NaN NaN NaN NaN
NaN NaN NaN NaN NaN NaN NaN NaN NaN NaN NaN NaN NaN NaN NaN NaN NaN NaN NaN NaN NaN NaN NaN NaN NaN NaN NaN NaN NaN NaN NaN
NaN NaN NaN NaN NaN NaN NaN NaN NaN NaN NaN NaN NaN NaN NaN NaN NaN NaN NaN NaN NaN NaN NaN NaN NaN NaN NaN NaN NaN NaN NaN
NaN NaN NaN NaN NaN NaN NaN NaN NaN NaN NaN NaN NaN NaN NaN NaN NaN NaN NaN NaN NaN NaN NaN NaN NaN NaN NaN NaN NaN NaN NaN
NaN NaN NaN NaN NaN NaN NaN NaN NaN NaN NaN NaN NaN NaN NaN NaN NaN NaN NaN NaN NaN NaN NaN NaN NaN NaN NaN NaN NaN NaN NaN
NaN NaN NaN NaN NaN NaN NaN NaN NaN NaN NaN NaN NaN NaN NaN NaN NaN NaN NaN NaN NaN NaN NaN NaN NaN NaN NaN NaN NaN NaN NaN
NaN NaN NaN NaN NaN NaN NaN NaN NaN NaN NaN NaN NaN NaN NaN NaN NaN NaN NaN NaN NaN NaN NaN NaN NaN NaN NaN NaN NaN NaN NaN
NaN NaN NaN NaN NaN NaN NaN NaN NaN NaN NaN NaN NaN NaN NaN NaN NaN NaN NaN NaN NaN NaN NaN NaN NaN NaN NaN NaN NaN NaN NaN
NaN NaN NaN NaN NaN NaN NaN NaN NaN NaN NaN 5.13671575267282 7.06359294294135 11.1844693720138 2.0712575258563 NaN 10.5132739742865 NaN NaN NaN NaN NaN NaN NaN NaN NaN NaN NaN NaN NaN NaN
43.292739065718 53.0860392305697 43.141371577889 36.1058546566823 12.0880441248948 40.0715147250547 59.1804793991344 58.2843361045704 91.3311360307297 70.7193568331181 128.693424026882 138.216147875 134.379261495613 108.684652237349 118.496764577591 120.468087817114 99.3890240909287 85.4783406395226 60.1194719726793 17.9226128481068 NaN NaN NaN NaN NaN NaN NaN NaN NaN NaN NaN
139.509187467895 174.197350122686 191.23195548911 192.250035625033 190.383670434719 183.541892396212 179.396046854738 215.392451312538 212.582902619798 211.43125697382 238.263462125564 237.29772982646 242.388781450373 238.272958900176 250.315151169916 246.288315514696 235.314969373552 221.191047108809 186.40200123912 144.459267461598 77.192929878423 31.1516601322547 NaN NaN NaN NaN NaN NaN NaN NaN NaN
246.152680171947 269.254233258731 277.20128408692 282.264720673178 287.258040576392 287.214755848485 285.161358243429 282.274874358417 295.374849950178 286.257082538273 290.271977524178 287.278100586476 289.374364142026 288.473173114646 290.614937585228 293.200860702741 297.454619144136 300.466524365782 288.409806476863 280.425273211066 231.238811609782 154.247070550451 105.651512641302 10.0538670405392 NaN NaN NaN NaN NaN NaN NaN
318.361095661337 334.235036153105 340.383060212767 351.244750502591 367.212095956115 377.394836103524 380.37948374144 363.327267689845 349.316199198703 335.240287899942 330.307881833528 329.279914584722 330.42979003382 327.228215049682 330.368052245992 346.293702635268 353.223880929652 350.486292163677 345.313253884277 326.406878486206 320.3603279817 293.366437757664 231.281313274274 190.595073177323 119.758730403542 84.1303562016723 17.0133895139897 NaN NaN NaN NaN
372.432981052273 404.349579190129 421.313088511887 431.250714318397 441.395364088119 440.298568500949 428.295282196382 418.365795038375 448.402779286426 482.338045270138 465.361435686259 444.900375699503 425.416456157858 408.247777904432 394.380822480409 412.244293465477 415.444540207417 408.404266024844 408.434312525581 384.410146178216 373.376283977468 354.349606388335 317.327999700945 292.267673965407 241.44229534314 166.747773445341 139.389553685087 116.388856304836 84.1610776436826 42.2003650328698 NaN
422.404026942208 440.316451207866 459.341221266636 462.410069716931 469.381096102472 480.35878508273 502.362659281231 528.301491494992 530.387719532195 521.472213344561 526.352474857691 514.450250473849 503.293068099837 505.365846411532 466.479324114615 462.325297775293 459.363579509278 454.469312047735 439.446388382186 441.841091358972 430.442126078123 391.439699269451 373.301157465548 328.505310074613 307.298901974817 274.332808693535 225.274931032113 216.22961627439 178.442171657812 139.364595326442 99.2641289952179
460.433088175763 474.47619568951 484.268021023648 494.359579851428 506.39518214561 529.297420505865 546.413906162966 559.668175225828 562.470344441523 569.382150103794 576.585033140658 569.353247401752 560.378196931598 572.475780898043 566.551847463624 550.356777913788 535.310701485167 536.444698924334 507.311524442874 497.505980032613 477.546293916204 438.310207356711 405.27543459233 380.297144942249 344.400005542127 326.288132145902 294.235946154612 254.24782845783 247.404460920999 226.299797131141 185.371443075714
501.304517173016 516.319929722273 530.385532364212 537.355017081939 538.306117340654 570.362370583977 579.382860153654 583.559546137007 594.3816018119 607.346418838897 600.573841904616 601.447417349278 596.36974588308 593.640463335222 595.344794722039 580.561988620834 575.43877527733 564.457728363463 550.446790711323 524.500532369053 506.347841404831 480.305300255325 448.408075118017 427.371559682868 391.250699666446 362.452124632451 345.303940887465 321.334894601693 274.240536301035 261.23785275251 246.289708727187
546.416634485819 559.33043478418 569.378885806694 575.395500873018 591.342925059 601.39012079495 609.462711129139 613.410212265833 626.456724942788 629.411270683032 617.407409814778 637.416451758493 636.485513320132 625.46701179988 618.377717370977 606.490611602901 603.552125717699 601.435042845541 587.43695818536 564.359838174462 543.298636540515 519.295344712962 494.49188116057 465.318269036618 440.382578449082 408.372963819981 386.253050395378 360.229446413537 339.230486362036 314.243898980545 281.184549200972
601.355630003494 603.410369906913 598.341053291154 631.454500144003 636.462635487138 640.383512784785 643.387245720305 648.370112767093 654.449083392265 648.457610403604 634.516968427024 661.457764469097 657.508750629446 658.45796688438 647.398637070007 638.43462394422 629.417149283692 628.56279362312 617.408146082103 609.36349851396 574.400069729983 552.314301414012 535.331056827759 510.395587478532 485.282029425911 457.272406728189 430.272771744175 406.227087994269 380.215137903775 358.21803670957 333.208232097115
759.403789698663 754.380184016398 735.386955314907 681.379221370105 679.41330026895 683.393122654531 689.417202884744 686.369380559424 694.399084135447 678.381701355043 675.362863930328 693.37888628035 691.363523344749 687.39988360002 680.407666624901 667.377232602132 658.340103752847 648.400346593239 633.332997795336 632.360626360728 623.39044471042 600.350004904473 572.345819612767 552.316196604849 525.372308375166 496.343541014071 471.268240394245 451.265775910231 426.268909939444 401.273760958874 379.216724768816
797.422317146476 795.452828972128 808.461886305177 826.470863421052 845.447142627237 861.463790704255 872.462854029984 845.502067599273 833.466595312501 785.476011953499 782.478888258662 767.431606479925 732.411261031308 729.406625348223 718.431138584722 706.380233428082 698.380694190726 681.359928966744 667.366487731224 656.347775458857 658.35637507653 639.356136303542 624.346607218878 595.335847784827 577.321380716401 546.28374936932 514.275594690528 493.275986424295 471.259802627125 449.262352800734 420.246487236335
843.426962494871 859.430824969255 878.441957639129 886.447626925635 895.452110624443 904.455517308806 915.46110582979 921.463140343385 932.480959624232 940.480179551924 934.485832372278 927.483156719215 891.473374640513 845.451906614583 765.399306931802 752.378262241868 740.37129124442 730.37861430721 711.364700852036 700.359333847853 691.361929781459 675.342926570512 659.332075996325 634.32143161399 615.317085300175 594.303411207276 567.289561461471 539.272506593609 518.267057406717 499.261170550144 479.246616238871
NaN NaN NaN NaN NaN 988.481512996767 999.487052077135 1005.49550515482 1002.47873867463 997.483438018667 1008.49857194211 1019.50005250495 1027.49399855237 1036.49979397604 981.459633147756 909.42837155809 798.392566328755 783.384983966558 767.369482298086 749.369402371763 737.362143036936 715.335927485023 704.336582957748 680.328731799807 661.317461459421 636.310557126331 621.298342825925 599.292103697641 572.274052320263 557.273961321695 529.259224100411
NaN NaN NaN NaN NaN NaN NaN NaN 1126.51229947113 1116.524796942 1107.51979896997 1103.51474131166 1114.53040132347 1133.53090702455 1135.54476612295 NaN NaN 865.412469748674 834.401852620613 812.358470406473 795.3768553158 775.347342471289 756.327129413567 739.322136156903 716.327695765576 700.33489011471 673.31937911623 656.303858370446 636.281330701365 610.263468054261 590.281819588158
NaN NaN NaN NaN NaN NaN NaN NaN NaN NaN NaN NaN NaN NaN NaN NaN NaN NaN NaN 1040.49970051827 NaN 851.352800831175 819.359765630894 800.333541976895 785.37727969388 759.318249952101 745.336255435422 723.308955820476 697.328244006137 672.27019698668 656.32210148738
NaN NaN NaN NaN NaN NaN NaN NaN NaN NaN NaN NaN NaN NaN NaN NaN NaN NaN NaN NaN NaN NaN NaN 929.439632540172 904.426970260403 877.366762908006 868.345060157821 867.367315134253 844.411777316698 826.379299397437 794.33965907584
NaN NaN NaN NaN NaN NaN NaN NaN NaN NaN NaN NaN NaN NaN NaN NaN NaN NaN NaN NaN NaN NaN NaN NaN NaN 1007.40818979643 1001.43635582455 NaN NaN NaN NaN
NaN NaN NaN NaN NaN NaN NaN NaN NaN NaN NaN NaN NaN NaN NaN NaN NaN NaN NaN NaN NaN NaN NaN NaN NaN NaN NaN NaN NaN NaN NaN
NaN NaN NaN NaN NaN NaN NaN NaN NaN NaN NaN NaN NaN NaN NaN NaN NaN NaN NaN NaN NaN NaN NaN NaN NaN NaN NaN NaN NaN NaN NaN
NaN NaN NaN NaN NaN NaN NaN NaN NaN NaN NaN NaN NaN NaN NaN NaN NaN NaN NaN NaN NaN NaN NaN NaN NaN NaN NaN NaN NaN NaN NaN
NaN NaN NaN NaN NaN NaN NaN NaN NaN NaN NaN NaN NaN NaN NaN NaN NaN NaN NaN NaN NaN NaN NaN NaN NaN NaN NaN NaN NaN NaN NaN
