NaN NaN NaN NaN NaN NaN NaN NaN NaN NaN NaN NaN NaN NaN NaN NaN NaN NaN NaN NaN NaN NaN NaN NaN NaN NaN NaN NaN NaN NaN NaN
NaN NaN NaN NaN NaN NaN NaN NaN NaN NaN NaN NaN NaN NaN NaN NaN NaN NaN NaN NaN NaN NaN NaN NaN NaN NaN NaN NaN NaN NaN NaN
NaN NaN NaN NaN NaN NaN NaN NaN NaN NaN NaN NaN NaN NaN NaN NaN NaN NaN NaN NaN NaN NaN NaN NaN NaN NaN NaN NaN NaN NaN NaN
NaN NaN NaN NaN NaN NaN NaN NaN NaN NaN NaN NaN NaN NaN NaN NaN NaN NaN NaN NaN NaN NaN NaN NaN NaN NaN NaN NaN NaN NaN NaN
NaN NaN NaN NaN NaN NaN NaN NaN NaN NaN NaN NaN NaN NaN NaN NaN NaN NaN NaN NaN NaN NaN NaN NaN NaN NaN NaN NaN NaN NaN NaN
NaN NaN NaN NaN NaN 9.54645005687583 7.11154757397831 1.04664338815909 23.0319331270303 25.3314192938681 23.2982877945935 22.4576589916867 24.3542875676625 23.3982519983552 20.2574080310306 35.3261342132803 29.2448483557662 28.4503113474922 26.0772254222514 25.3740693066128 12.3375395866357 NaN NaN NaN NaN NaN NaN NaN NaN NaN NaN
40.0715147250547 58.2909762979417 62.1045302199512 58.2843361045704 94.567651026318 84.2329690091798 70.7193568331181 99.5416438381211 138.460034189501 138.216147875 148.156912811286 112.794684336821 108.684652237349 111.527389034153 120.562889805453 120.468087817114 101.478977929216 91.3463695025832 85.4783406395226 67.1918491426594 37.3876603459445 17.9226128481068 NaN NaN NaN NaN NaN NaN NaN NaN NaN
172.495275140159 159.202019746953 158.287724149196 193.369724536947 191.749952701973 187.116026539646 189.140837586649 196.354746006866 222.360039337654 224.282585659808 221.304399935042 213.381694612363 220.454455294124 223.414438142766 220.234900497026 220.250909444657 220.245178156841 209.293260284325 186.218632001079 159.339472340491 129.513112146624 91.2058727085163 49.150624960457 18.2217573162544 NaN NaN NaN NaN NaN NaN NaN
197.296246672059 194.385290239733 220.349996516225 230.238826543609 241.667385784004 241.568898343339 250.358298398948 251.427332715574 254.461290007113 256.271392824896 263.238145196317 265.214090005981 259.455883397723 264.663302333443 260.458671959083 258.390452453005 255.358676998373 254.265260894459 252.215860915404 238.237554800074 222.462738814838 193.53361384456 148.329505693195 99.3146904313265 58.3961200671129 46.0704566734137 NaN NaN NaN NaN NaN
287.214755848485 271.382068861229 284.29463564139 282.274874358417 291.448882312376 294.316639734163 286.257082538273 290.463143847931 291.475690208916 287.278100586476 288.658950974941 290.538875940683 288.473173114646 284.540103986196 293.593270809403 293.200860702741 295.470949894885 300.454419892179 300.466524365782 294.370028237645 283.242154361782 280.425273211066 273.358839597561 204.35415378476 154.247070550451 123.235674885578 90.4465526679613 10.0538670405392 NaN NaN NaN
355.31794348732 361.50889487869 358.216604607502 347.358121890201 334.307144396392 326.414280391016 320.314038722109 315.325274823159 312.47605129764 312.368604300411 315.240560631625 318.382975271983 318.231152728594 317.67884972234 325.466827980885 334.552390178231 343.339789968831 341.524199363921 334.263105263282 325.394836585942 316.344908674789 310.387399774107 309.337856874444 296.357231865987 246.298818221398 218.163149950271 184.362483467598 148.470830425223 96.2021036904209 49.0732220791925 NaN
391.340340056048 391.578570737202 389.338330860086 380.438451746851 374.47503849999 363.408794772594 353.228899948865 374.555319140462 359.423085495363 346.272701912404 342.1823673284 340.50039294292 335.330355103945 344.515650015197 357.418102279521 359.28022323276 364.209727275765 366.277207660756 363.479501779374 361.36597838625 360.31182528721 342.283187408829 340.426813915806 334.333698771185 311.421002801086 283.160879341164 243.284085124335 234.18645901825 186.826213453769 132.611669431897 102.455175183585
440.298568500949 434.340561621372 424.408666030188 418.365795038375 409.428879447064 482.423699116788 482.338045270138 472.519322500597 449.655935689027 444.900375699503 431.576743697748 415.29342268627 408.247777904432 390.282507429352 394.37342020463 412.244293465477 420.577748288756 410.444818226188 408.404266024844 409.256891362618 407.422083712639 384.410146178216 376.588995024498 366.200421283065 354.349606388335 322.295339279045 308.247927855997 292.267673965407 255.176295591053 230.729313073096 166.747773445341
465.501516641617 471.326511931195 495.477710481897 511.355480586059 516.392718684792 514.437683574032 507.488733716528 499.425223548312 504.44117315747 494.398794545914 487.386498418025 486.468862658108 478.432010966083 457.474159093816 449.398595164601 453.339270969352 447.282941687545 441.618220957813 428.584894153043 423.470435836536 420.223671733427 421.596650008101 422.404253260828 391.282247578103 381.31283334443 366.365791469363 330.525132051959 318.398445921503 304.234846203877 279.3141496513 254.255145191819
492.388419650868 510.493276702363 523.43215945259 541.392104477885 545.329908235406 546.345955472255 543.290506721582 547.310042963496 541.462593979233 531.352754074237 527.383929965169 524.439642385359 539.437889434907 537.577307431417 485.429851343862 476.426419141072 481.460650234871 476.500093764913 470.389155491376 480.442525511552 486.469220840216 461.90297598716 451.400146759072 436.452187941043 403.286305844133 385.347686962646 375.450373463105 340.358900764653 328.544786632898 314.222942240979 292.176112418557
529.297420505865 542.302409190317 555.426933949032 559.668175225828 560.63623331758 566.344685402835 569.382150103794 573.541069219532 576.297319665865 569.353247401752 562.326291423475 560.349458663295 572.475780898043 570.733025185789 562.550421987811 550.356777913788 532.328948925197 537.400640802758 536.444698924334 513.336871971304 506.320668630706 497.505980032613 491.933125473993 455.495275857298 438.310207356711 415.303527405019 392.31508917149 380.297144942249 352.29120044111 342.308386211658 326.288132145902
556.415983690527 566.400977226665 574.534690802678 575.575345617992 575.407612692441 588.395579821964 593.453375300301 596.493434046479 593.467589100219 590.633843263336 585.412682941818 587.425727196517 587.598814632337 586.595189452595 582.406180187754 572.663814568359 569.441816747368 560.65462783082 554.435902475986 543.512952049145 527.341088037123 512.463335030863 501.465313981987 486.387356803656 465.334624907151 443.393947114556 425.389041041816 401.266141937989 387.319597228896 366.259816153812 353.405434407285
583.324505731597 589.330400995549 594.383249267026 592.346004114355 595.414341448547 611.348266403518 614.543806811198 615.481541563467 606.39234202889 616.42516277068 610.437513544947 610.394282325476 604.457160532512 604.512644861249 598.317976496142 588.419751756564 585.395546711085 582.432937449261 572.535161348227 567.514907526908 556.386197284449 535.406443098611 529.501195089128 510.334658846745 491.327077910427 481.46765006444 451.310288778587 436.381531561741 426.3133368145 395.244191973024 384.299380548959
601.39012079495 607.552516023559 612.473230272848 613.410212265833 623.449483639434 627.350040595759 629.411270683032 626.446886106575 621.48220578193 637.416451758493 640.40986136055 633.424843412254 625.46701179988 620.450273723082 613.565838365462 606.490611602901 603.407151445575 603.404762043565 601.435042845541 588.429193593838 586.363939384239 564.359838174462 547.437946995513 537.519703791476 519.295344712962 500.339985180558 487.351350788484 465.318269036618 446.330886471809 438.373891868866 408.372963819981
624.385534607842 626.365427528402 634.432901401733 636.405805874551 642.52780133429 648.398881039887 643.435433927102 633.59161489683 637.442591063427 652.43024243133 652.409832183806 650.460469047874 649.3486116311 640.399101932499 630.381224985264 620.401245015826 621.450362169051 621.331743562147 620.385054555233 612.548103218716 605.400610926382 593.371021232738 569.325033209736 558.398448022041 541.43112726334 530.356187330147 511.337687440853 496.375828722774 481.381349918073 461.309294027474 446.350947996864
650.403225451322 654.40365512237 662.387745909141 658.341129024608 662.37549790934 664.441967654288 653.47618874743 640.544156768489 658.358355190511 670.462087941595 667.394588881508 668.44065147716 667.449216659124 659.441573332365 655.413054848813 648.401369132915 638.458063785561 631.408838126829 634.36676497115 626.466790333189 621.440233543842 620.343770443377 607.40961319502 582.36409193444 566.298498622236 551.364180543091 539.354522471392 519.458069521076 504.324074478678 487.346945691117 474.287730236206
683.393122654531 686.391212585615 689.430211489045 686.369380559424 689.402687100216 690.367689774728 678.381701355043 656.39518894799 691.422972859669 693.37888628035 693.429702029232 693.439574105269 687.39988360002 684.451317627819 674.354761114128 667.377232602132 659.405120277672 656.371613097476 648.400346593239 642.445046789412 631.513000190801 632.360626360728 632.408654381237 618.366368227077 600.350004904473 578.354055396686 568.346575834766 552.316196604849 531.301660542672 513.327275926237 496.343541014071
847.492442661983 808.485325354477 796.547579405672 793.480975548032 791.556801298888 775.501073226383 729.407433352727 714.410933642894 722.411316749782 720.396243096278 715.379489650972 718.402131393787 717.402551924195 709.38594663033 702.393286280319 690.374892001715 685.403076222185 681.36362366889 665.362368254936 660.370442179581 648.396064938381 645.403444161898 648.35335533277 642.367421904703 628.335017712275 610.319799380086 589.341843640911 582.358415255431 569.296727799634 551.295122945584 528.275563615336
874.458455280585 881.461464767159 885.473312410948 886.478394864315 902.463939385962 885.535717659129 847.477517918558 828.50457031054 828.558239404206 828.459781739723 794.42200412114 745.39871596862 743.426306105148 736.396488556735 733.378511427794 722.406766176314 713.395952411087 710.382754517647 696.378546581955 686.36296140412 677.361999981793 667.359592069266 667.367465917139 666.369028488745 649.351424413073 640.336779591037 628.344726942327 605.337524559342 597.333475933623 580.344123792854 561.285840813542
904.455517308806 914.460682295172 918.464947962054 921.463140343385 930.472364414542 936.480798610167 940.480179551924 946.491598251046 917.50086271346 927.483156719215 915.471412022618 878.462181774638 845.451906614583 790.40601170054 764.387588309585 752.378262241868 744.380438021005 740.374170861903 730.37861430721 717.367885522692 707.362980457995 700.359333847853 693.359690860469 690.371693559483 675.342926570512 662.345214907086 654.337373845909 634.32143161399 618.311586897838 607.314692608582 594.303411207276
955.471763999218 963.473931886759 971.479113411617 973.480118750729 976.485792531396 975.482002154236 974.48133363185 980.486361595962 984.484870853324 999.497394607236 1005.4966311764 974.474688128905 949.469144589264 931.453301373931 887.431833821037 790.385339869926 779.381981450884 773.385525001608 763.375147352288 754.374826160853 738.364978686799 732.365388773857 726.356206843443 711.347406562247 701.341370781898 692.340503286109 681.331303622358 665.324105680075 652.321615731734 634.312698868823 619.302604926093
NaN NaN 1045.50317948543 1040.50088250544 1033.50176333877 1029.4957237327 1033.50630872753 1039.49529535423 1042.50850166333 1043.50416954815 1047.51697860166 1056.50711953272 1060.49882374494 1062.51574228195 1033.46858933661 987.456638013974 900.410373400721 819.390804796434 804.378965544894 793.36647716208 779.357314547728 770.360676960929 760.353867110383 750.361316816146 734.334439439036 724.349497390375 716.341152902984 699.31747302106 683.323267530331 670.319326572343 656.317463728708
NaN NaN NaN NaN NaN 1118.52778662424 1116.524796942 1110.52547191917 1106.55111928748 1103.51474131166 1112.55068107825 1119.52846078825 1133.53090702455 1136.52374134293 1133.54257133955 NaN NaN NaN 865.412469748674 844.412947638624 827.383093280475 812.358470406473 798.363001978756 790.33930761625 775.347342471289 758.318946262598 748.34712558658 739.322136156903 727.350569382185 710.328582940481 700.33489011471
NaN NaN NaN NaN NaN NaN NaN NaN NaN 1225.5605887977 NaN NaN NaN NaN NaN NaN NaN NaN NaN 1056.52339736265 993.479434655551 942.415207578435 882.377157721781 835.339858132246 823.318415695692 805.374840933044 790.331419828219 777.353667271802 766.338691691327 752.339507291472 738.359754760541
NaN NaN NaN NaN NaN NaN NaN NaN NaN NaN NaN NaN NaN NaN NaN NaN NaN NaN NaN NaN NaN NaN NaN NaN NaN 882.409261989512 867.413410382221 840.401930704856 816.376218464792 801.352806018208 782.326793417949
NaN NaN NaN NaN NaN NaN NaN NaN NaN NaN NaN NaN NaN NaN NaN NaN NaN NaN NaN NaN NaN NaN NaN NaN NaN NaN NaN 929.439632540172 910.363405148346 896.393069620952 877.366762908006
