0.001092 0.0022322 0.0034207 0.0046576 0.0059426 0.0072755 0.0086556 0.010082 0.011554 0.013069 0.014627 0.016225 0.017862 0.019534 0.021239 0.022974 0.024736 0.026521 0.028325 0.030145 0.031975 0.033812 0.03565 0.037485 0.039313 0.041127 0.042923 0.044696 0.046441 0.048153 0.049826 0.051457 0.049826 0.048153 0.046441 0.044696 0.042923 0.041127 0.039313 0.037485 0.03565 0.033812 0.031975 0.030145 0.028325 0.026521 0.024736 0.022974 0.021239 0.019534 0.017862 0.016225 0.014627 0.013069 0.011554 0.010082 0.0086556 0.0072755 0.0059426 0.0046576 0.0034207 0.0022322 0.001092
0.0022322 0.0045643 0.0069967 0.0095297 0.012163 0.014895 0.017726 0.020654 0.023676 0.02679 0.029991 0.033278 0.036644 0.040085 0.043596 0.047169 0.050798 0.054476 0.058194 0.061945 0.065718 0.069505 0.073295 0.07708 0.080847 0.084588 0.08829 0.091944 0.09554 0.099065 0.10251 0.10587 0.10251 0.099065 0.09554 0.091944 0.08829 0.084588 0.080847 0.07708 0.073295 0.069505 0.065718 0.061945 0.058194 0.054476 0.050798 0.047169 0.043596 0.040085 0.036644 0.033278 0.029991 0.02679 0.023676 0.020654 0.017726 0.014895 0.012163 0.0095297 0.0069967 0.0045643 0.0022322
0.0034207 0.0069967 0.010729 0.014618 0.018663 0.022863 0.027216 0.031721 0.036373 0.041168 0.046102 0.051168 0.05636 0.061669 0.067086 0.072603 0.078207 0.083888 0.089633 0.095428 0.10126 0.10711 0.11297 0.11882 0.12465 0.13043 0.13615 0.1418 0.14735 0.15279 0.15811 0.16329 0.15811 0.15279 0.14735 0.1418 0.13615 0.13043 0.12465 0.11882 0.11297 0.10711 0.10126 0.095428 0.089633 0.083888 0.078207 0.072603 0.067086 0.061669 0.05636 0.051168 0.046102 0.041168 0.036373 0.031721 0.027216 0.022863 0.018663 0.014618 0.010729 0.0069967 0.0034207
0.0046576 0.0095297 0.014618 0.019922 0.025443 0.031179 0.037127 0.043285 0.049648 0.05621 0.062965 0.069903 0.077017 0.084294 0.091723 0.099289 0.10698 0.11478 0.12266 0.13062 0.13863 0.14666 0.15471 0.16275 0.17075 0.17868 0.18654 0.19429 0.20191 0.20938 0.21668 0.22378 0.21668 0.20938 0.20191 0.19429 0.18654 0.17868 0.17075 0.16275 0.15471 0.14666 0.13863 0.13062 0.12266 0.11478 0.10698 0.099289 0.091723 0.084294 0.077017 0.069903 0.062965 0.05621 0.049648 0.043285 0.037127 0.031179 0.025443 0.019922 0.014618 0.0095297 0.0046576
0.0059426 0.012163 0.018663 0.025443 0.032504 0.039843 0.04746 0.055348 0.063503 0.071917 0.080582 0.089487 0.09862 0.10797 0.11751 0.12724 0.13712 0.14715 0.15729 0.16753 0.17784 0.18818 0.19854 0.20888 0.21917 0.22939 0.2395 0.24947 0.25927 0.26887 0.27825 0.28736 0.27825 0.26887 0.25927 0.24947 0.2395 0.22939 0.21917 0.20888 0.19854 0.18818 0.17784 0.16753 0.15729 0.14715 0.13712 0.12724 0.11751 0.10797 0.09862 0.089487 0.080582 0.071917 0.063503 0.055348 0.04746 0.039843 0.032504 0.025443 0.018663 0.012163 0.0059426
0.0072755 0.014895 0.022863 0.031179 0.039843 0.048856 0.058212 0.067908 0.077936 0.088289 0.098955 0.10992 0.12117 0.13269 0.14446 0.15645 0.16865 0.18102 0.19354 0.20617 0.2189 0.23167 0.24446 0.25723 0.26994 0.28255 0.29503 0.30734 0.31943 0.33128 0.34284 0.35408 0.34284 0.33128 0.31943 0.30734 0.29503 0.28255 0.26994 0.25723 0.24446 0.23167 0.2189 0.20617 0.19354 0.18102 0.16865 0.15645 0.14446 0.13269 0.12117 0.10992 0.098955 0.088289 0.077936 0.067908 0.058212 0.048856 0.039843 0.031179 0.022863 0.014895 0.0072755
0.0086556 0.017726 0.027216 0.037127 0.04746 0.058212 0.069381 0.080961 0.092945 0.10532 0.11808 0.1312 0.14467 0.15846 0.17256 0.18693 0.20155 0.21638 0.23139 0.24655 0.26181 0.27714 0.29248 0.3078 0.32305 0.33819 0.35316 0.36792 0.38242 0.39662 0.41047 0.42393 0.41047 0.39662 0.38242 0.36792 0.35316 0.33819 0.32305 0.3078 0.29248 0.27714 0.26181 0.24655 0.23139 0.21638 0.20155 0.18693 0.17256 0.15846 0.14467 0.1312 0.11808 0.10532 0.092945 0.080961 0.069381 0.058212 0.04746 0.037127 0.027216 0.017726 0.0086556
0.010082 0.020654 0.031721 0.043285 0.055348 0.067908 0.080961 0.094502 0.10852 0.12301 0.13794 0.15331 0.1691 0.18527 0.2018 0.21866 0.23581 0.25322 0.27085 0.28865 0.30657 0.32457 0.3426 0.36059 0.37851 0.39628 0.41386 0.43119 0.44822 0.46488 0.48113 0.4969 0.48113 0.46488 0.44822 0.43119 0.41386 0.39628 0.37851 0.36059 0.3426 0.32457 0.30657 0.28865 0.27085 0.25322 0.23581 0.21866 0.2018 0.18527 0.1691 0.15331 0.13794 0.12301 0.10852 0.094502 0.080961 0.067908 0.055348 0.043285 0.031721 0.020654 0.010082
0.011554 0.023676 0.036373 0.049648 0.063503 0.077936 0.092945 0.10852 0.12466 0.14133 0.15854 0.17625 0.19445 0.2131 0.23217 0.25163 0.27143 0.29153 0.31189 0.33245 0.35316 0.37395 0.39478 0.41558 0.43628 0.45682 0.47713 0.49715 0.5168 0.53604 0.55479 0.57299 0.55479 0.53604 0.5168 0.49715 0.47713 0.45682 0.43628 0.41558 0.39478 0.37395 0.35316 0.33245 0.31189 0.29153 0.27143 0.25163 0.23217 0.2131 0.19445 0.17625 0.15854 0.14133 0.12466 0.10852 0.092945 0.077936 0.063503 0.049648 0.036373 0.023676 0.011554
0.013069 0.02679 0.041168 0.05621 0.071917 0.088289 0.10532 0.12301 0.14133 0.16029 0.17985 0.2 0.2207 0.24193 0.26365 0.28581 0.30837 0.33128 0.35449 0.37792 0.40154 0.42525 0.44901 0.47272 0.49633 0.51975 0.54291 0.56573 0.58814 0.61006 0.63141 0.65213 0.63141 0.61006 0.58814 0.56573 0.54291 0.51975 0.49633 0.47272 0.44901 0.42525 0.40154 0.37792 0.35449 0.33128 0.30837 0.28581 0.26365 0.24193 0.2207 0.2 0.17985 0.16029 0.14133 0.12301 0.10532 0.088289 0.071917 0.05621 0.041168 0.02679 0.013069
0.014627 0.029991 0.046102 0.062965 0.080582 0.098955 0.11808 0.13794 0.15854 0.17985 0.20185 0.22452 0.24783 0.27174 0.2962 0.32117 0.3466 0.37243 0.3986 0.42503 0.45167 0.47842 0.50522 0.53198 0.55862 0.58504 0.61116 0.6369 0.66216 0.68687 0.71093 0.73426 0.71093 0.68687 0.66216 0.6369 0.61116 0.58504 0.55862 0.53198 0.50522 0.47842 0.45167 0.42503 0.3986 0.37243 0.3466 0.32117 0.2962 0.27174 0.24783 0.22452 0.20185 0.17985 0.15854 0.13794 0.11808 0.098955 0.080582 0.062965 0.046102 0.029991 0.014627
0.016225 0.033278 0.051168 0.069903 0.089487 0.10992 0.1312 0.15331 0.17625 0.2 0.22452 0.24981 0.2758 0.30248 0.32979 0.35767 0.38608 0.41493 0.44417 0.47372 0.50349 0.53341 0.56337 0.59329 0.62306 0.6526 0.68181 0.71057 0.7388 0.76639 0.79326 0.8193 0.79326 0.76639 0.7388 0.71057 0.68181 0.6526 0.62306 0.59329 0.56337 0.53341 0.50349 0.47372 0.44417 0.41493 0.38608 0.35767 0.32979 0.30248 0.2758 0.24981 0.22452 0.2 0.17625 0.15331 0.1312 0.10992 0.089487 0.069903 0.051168 0.033278 0.016225
0.017862 0.036644 0.05636 0.077017 0.09862 0.12117 0.14467 0.1691 0.19445 0.2207 0.24783 0.2758 0.30458 0.33412 0.36437 0.39526 0.42674 0.45873 0.49115 0.52392 0.55694 0.59013 0.62336 0.65655 0.68959 0.72236 0.75474 0.78664 0.81794 0.84852 0.87829 0.90713 0.87829 0.84852 0.81794 0.78664 0.75474 0.72236 0.68959 0.65655 0.62336 0.59013 0.55694 0.52392 0.49115 0.45873 0.42674 0.39526 0.36437 0.33412 0.30458 0.2758 0.24783 0.2207 0.19445 0.1691 0.14467 0.12117 0.09862 0.077017 0.05636 0.036644 0.017862
0.019534 0.040085 0.061669 0.084294 0.10797 0.13269 0.15846 0.18527 0.2131 0.24193 0.27174 0.30248 0.33412 0.36661 0.39989 0.43389 0.46854 0.50376 0.53947 0.57556 0.61194 0.64849 0.68512 0.72169 0.75808 0.79418 0.82986 0.865 0.89946 0.93313 0.96588 0.99761 0.96588 0.93313 0.89946 0.865 0.82986 0.79418 0.75808 0.72169 0.68512 0.64849 0.61194 0.57556 0.53947 0.50376 0.46854 0.43389 0.39989 0.36661 0.33412 0.30248 0.27174 0.24193 0.2131 0.18527 0.15846 0.13269 0.10797 0.084294 0.061669 0.040085 0.019534
0.021239 0.043596 0.067086 0.091723 0.11751 0.14446 0.17256 0.2018 0.23217 0.26365 0.2962 0.32979 0.36437 0.39989 0.43628 0.47347 0.51139 0.54994 0.58902 0.62854 0.66837 0.7084 0.74851 0.78856 0.82843 0.86796 0.90703 0.9455 0.98322 1.0201 1.0559 1.0906 1.0559 1.0201 0.98322 0.9455 0.90703 0.86796 0.82843 0.78856 0.74851 0.7084 0.66837 0.62854 0.58902 0.54994 0.51139 0.47347 0.43628 0.39989 0.36437 0.32979 0.2962 0.26365 0.23217 0.2018 0.17256 0.14446 0.11751 0.091723 0.067086 0.043596 0.021239
0.022974 0.047169 0.072603 0.099289 0.12724 0.15645 0.18693 0.21866 0.25163 0.28581 0.32117 0.35767 0.39526 0.43389 0.47347 0.51394 0.5552 0.59717 0.63972 0.68275 0.72613 0.76974 0.81342 0.85705 0.90047 0.94353 0.98608 1.028 1.069 1.1091 1.1481 1.1859 1.1481 1.1091 1.069 1.028 0.98608 0.94353 0.90047 0.85705 0.81342 0.76974 0.72613 0.68275 0.63972 0.59717 0.5552 0.51394 0.47347 0.43389 0.39526 0.35767 0.32117 0.28581 0.25163 0.21866 0.18693 0.15645 0.12724 0.099289 0.072603 0.047169 0.022974
0.024736 0.050798 0.078207 0.10698 0.13712 0.16865 0.20155 0.23581 0.27143 0.30837 0.3466 0.38608 0.42674 0.46854 0.51139 0.5552 0.59989 0.64535 0.69145 0.73808 0.78509 0.83235 0.87971 0.927 0.97406 1.0207 1.0668 1.1122 1.1567 1.2002 1.2424 1.2832 1.2424 1.2002 1.1567 1.1122 1.0668 1.0207 0.97406 0.927 0.87971 0.83235 0.78509 0.73808 0.69145 0.64535 0.59989 0.5552 0.51139 0.46854 0.42674 0.38608 0.3466 0.30837 0.27143 0.23581 0.20155 0.16865 0.13712 0.10698 0.078207 0.050798 0.024736
0.026521 0.054476 0.083888 0.11478 0.14715 0.18102 0.21638 0.25322 0.29153 0.33128 0.37243 0.41493 0.45873 0.50376 0.54994 0.59717 0.64535 0.69436 0.74409 0.79439 0.84511 0.8961 0.9472 0.99822 1.049 1.0994 1.1491 1.1981 1.2461 1.2929 1.3384 1.3824 1.3384 1.2929 1.2461 1.1981 1.1491 1.0994 1.049 0.99822 0.9472 0.8961 0.84511 0.79439 0.74409 0.69436 0.64535 0.59717 0.54994 0.50376 0.45873 0.41493 0.37243 0.33128 0.29153 0.25322 0.21638 0.18102 0.14715 0.11478 0.083888 0.054476 0.026521
0.028325 0.058194 0.089633 0.12266 0.15729 0.19354 0.23139 0.27085 0.31189 0.35449 0.3986 0.44417 0.49115 0.53947 0.58902 0.63972 0.69145 0.74409 0.7975 0.85153 0.90602 0.96081 1.0157 1.0705 1.1251 1.1792 1.2327 1.2853 1.3368 1.3871 1.4359 1.4832 1.4359 1.3871 1.3368 1.2853 1.2327 1.1792 1.1251 1.0705 1.0157 0.96081 0.90602 0.85153 0.7975 0.74409 0.69145 0.63972 0.58902 0.53947 0.49115 0.44417 0.3986 0.35449 0.31189 0.27085 0.23139 0.19354 0.15729 0.12266 0.089633 0.058194 0.028325
0.030145 0.061945 0.095428 0.13062 0.16753 0.20617 0.24655 0.28865 0.33245 0.37792 0.42503 0.47372 0.52392 0.57556 0.62854 0.68275 0.73808 0.79439 0.85153 0.90935 0.96766 1.0263 1.0851 1.1438 1.2022 1.2601 1.3173 1.3736 1.4287 1.4825 1.5347 1.5852 1.5347 1.4825 1.4287 1.3736 1.3173 1.2601 1.2022 1.1438 1.0851 1.0263 0.96766 0.90935 0.85153 0.79439 0.73808 0.68275 0.62854 0.57556 0.52392 0.47372 0.42503 0.37792 0.33245 0.28865 0.24655 0.20617 0.16753 0.13062 0.095428 0.061945 0.030145
0.031975 0.065718 0.10126 0.13863 0.17784 0.2189 0.26181 0.30657 0.35316 0.40154 0.45167 0.50349 0.55694 0.61194 0.66837 0.72613 0.78509 0.84511 0.90602 0.96766 1.0298 1.0924 1.155 1.2176 1.2799 1.3417 1.4027 1.4627 1.5215 1.5788 1.6344 1.6882 1.6344 1.5788 1.5215 1.4627 1.4027 1.3417 1.2799 1.2176 1.155 1.0924 1.0298 0.96766 0.90602 0.84511 0.78509 0.72613 0.66837 0.61194 0.55694 0.50349 0.45167 0.40154 0.35316 0.30657 0.26181 0.2189 0.17784 0.13863 0.10126 0.065718 0.031975
0.033812 0.069505 0.10711 0.14666 0.18818 0.23167 0.27714 0.32457 0.37395 0.42525 0.47842 0.53341 0.59013 0.64849 0.7084 0.76974 0.83235 0.8961 0.96081 1.0263 1.0924 1.1588 1.2254 1.2919 1.3581 1.4237 1.4886 1.5523 1.6148 1.6756 1.7347 1.7918 1.7347 1.6756 1.6148 1.5523 1.4886 1.4237 1.3581 1.2919 1.2254 1.1588 1.0924 1.0263 0.96081 0.8961 0.83235 0.76974 0.7084 0.64849 0.59013 0.53341 0.47842 0.42525 0.37395 0.32457 0.27714 0.23167 0.18818 0.14666 0.10711 0.069505 0.033812
0.03565 0.073295 0.11297 0.15471 0.19854 0.24446 0.29248 0.3426 0.39478 0.44901 0.50522 0.56337 0.62336 0.68512 0.74851 0.81342 0.87971 0.9472 1.0157 1.0851 1.155 1.2254 1.2959 1.3664 1.4365 1.506 1.5747 1.6422 1.7083 1.7727 1.8353 1.8957 1.8353 1.7727 1.7083 1.6422 1.5747 1.506 1.4365 1.3664 1.2959 1.2254 1.155 1.0851 1.0157 0.9472 0.87971 0.81342 0.74851 0.68512 0.62336 0.56337 0.50522 0.44901 0.39478 0.3426 0.29248 0.24446 0.19854 0.15471 0.11297 0.073295 0.03565
0.037485 0.07708 0.11882 0.16275 0.20888 0.25723 0.3078 0.36059 0.41558 0.47272 0.53198 0.59329 0.65655 0.72169 0.78856 0.85705 0.927 0.99822 1.0705 1.1438 1.2176 1.2919 1.3664 1.4408 1.5148 1.5882 1.6607 1.7319 1.8017 1.8697 1.9357 1.9994 1.9357 1.8697 1.8017 1.7319 1.6607 1.5882 1.5148 1.4408 1.3664 1.2919 1.2176 1.1438 1.0705 0.99822 0.927 0.85705 0.78856 0.72169 0.65655 0.59329 0.53198 0.47272 0.41558 0.36059 0.3078 0.25723 0.20888 0.16275 0.11882 0.07708 0.037485
0.039313 0.080847 0.12465 0.17075 0.21917 0.26994 0.32305 0.37851 0.43628 0.49633 0.55862 0.62306 0.68959 0.75808 0.82843 0.90047 0.97406 1.049 1.1251 1.2022 1.2799 1.3581 1.4365 1.5148 1.5927 1.67 1.7463 1.8213 1.8947 1.9663 2.0357 2.1027 2.0357 1.9663 1.8947 1.8213 1.7463 1.67 1.5927 1.5148 1.4365 1.3581 1.2799 1.2022 1.1251 1.049 0.97406 0.90047 0.82843 0.75808 0.68959 0.62306 0.55862 0.49633 0.43628 0.37851 0.32305 0.26994 0.21917 0.17075 0.12465 0.080847 0.039313
0.041127 0.084588 0.13043 0.17868 0.22939 0.28255 0.33819 0.39628 0.45682 0.51975 0.58504 0.6526 0.72236 0.79418 0.86796 0.94353 1.0207 1.0994 1.1792 1.2601 1.3417 1.4237 1.506 1.5882 1.67 1.751 1.8311 1.9098 1.9869 2.062 2.1348 2.2051 2.1348 2.062 1.9869 1.9098 1.8311 1.751 1.67 1.5882 1.506 1.4237 1.3417 1.2601 1.1792 1.0994 1.0207 0.94353 0.86796 0.79418 0.72236 0.6526 0.58504 0.51975 0.45682 0.39628 0.33819 0.28255 0.22939 0.17868 0.13043 0.084588 0.041127
0.042923 0.08829 0.13615 0.18654 0.2395 0.29503 0.35316 0.41386 0.47713 0.54291 0.61116 0.68181 0.75474 0.82986 0.90703 0.98608 1.0668 1.1491 1.2327 1.3173 1.4027 1.4886 1.5747 1.6607 1.7463 1.8311 1.9149 1.9972 2.0779 2.1564 2.2326 2.3061 2.2326 2.1564 2.0779 1.9972 1.9149 1.8311 1.7463 1.6607 1.5747 1.4886 1.4027 1.3173 1.2327 1.1491 1.0668 0.98608 0.90703 0.82986 0.75474 0.68181 0.61116 0.54291 0.47713 0.41386 0.35316 0.29503 0.2395 0.18654 0.13615 0.08829 0.042923
0.044696 0.091944 0.1418 0.19429 0.24947 0.30734 0.36792 0.43119 0.49715 0.56573 0.6369 0.71057 0.78664 0.865 0.9455 1.028 1.1122 1.1981 1.2853 1.3736 1.4627 1.5523 1.6422 1.7319 1.8213 1.9098 1.9972 2.0832 2.1673 2.2493 2.3288 2.4055 2.3288 2.2493 2.1673 2.0832 1.9972 1.9098 1.8213 1.7319 1.6422 1.5523 1.4627 1.3736 1.2853 1.1981 1.1122 1.028 0.9455 0.865 0.78664 0.71057 0.6369 0.56573 0.49715 0.43119 0.36792 0.30734 0.24947 0.19429 0.1418 0.091944 0.044696
0.046441 0.09554 0.14735 0.20191 0.25927 0.31943 0.38242 0.44822 0.5168 0.58814 0.66216 0.7388 0.81794 0.89946 0.98322 1.069 1.1567 1.2461 1.3368 1.4287 1.5215 1.6148 1.7083 1.8017 1.8947 1.9869 2.0779 2.1673 2.2549 2.3402 2.4229 2.5027 2.4229 2.3402 2.2549 2.1673 2.0779 1.9869 1.8947 1.8017 1.7083 1.6148 1.5215 1.4287 1.3368 1.2461 1.1567 1.069 0.98322 0.89946 0.81794 0.7388 0.66216 0.58814 0.5168 0.44822 0.38242 0.31943 0.25927 0.20191 0.14735 0.09554 0.046441
0.048153 0.099065 0.15279 0.20938 0.26887 0.33128 0.39662 0.46488 0.53604 0.61006 0.68687 0.76639 0.84852 0.93313 1.0201 1.1091 1.2002 1.2929 1.3871 1.4825 1.5788 1.6756 1.7727 1.8697 1.9663 2.062 2.1564 2.2493 2.3402 2.4287 2.5146 2.5974 2.5146 2.4287 2.3402 2.2493 2.1564 2.062 1.9663 1.8697 1.7727 1.6756 1.5788 1.4825 1.3871 1.2929 1.2002 1.1091 1.0201 0.93313 0.84852 0.76639 0.68687 0.61006 0.53604 0.46488 0.39662 0.33128 0.26887 0.20938 0.15279 0.099065 0.048153
0.049826 0.10251 0.15811 0.21668 0.27825 0.34284 0.41047 0.48113 0.55479 0.63141 0.71093 0.79326 0.87829 0.96588 1.0559 1.1481 1.2424 1.3384 1.4359 1.5347 1.6344 1.7347 1.8353 1.9357 2.0357 2.1348 2.2326 2.3288 2.4229 2.5146 2.6035 2.6892 2.6035 2.5146 2.4229 2.3288 2.2326 2.1348 2.0357 1.9357 1.8353 1.7347 1.6344 1.5347 1.4359 1.3384 1.2424 1.1481 1.0559 0.96588 0.87829 0.79326 0.71093 0.63141 0.55479 0.48113 0.41047 0.34284 0.27825 0.21668 0.15811 0.10251 0.049826
0.051457 0.10587 0.16329 0.22378 0.28736 0.35408 0.42393 0.4969 0.57299 0.65213 0.73426 0.8193 0.90713 0.99761 1.0906 1.1859 1.2832 1.3824 1.4832 1.5852 1.6882 1.7918 1.8957 1.9994 2.1027 2.2051 2.3061 2.4055 2.5027 2.5974 2.6892 2.7778 2.6892 2.5974 2.5027 2.4055 2.3061 2.2051 2.1027 1.9994 1.8957 1.7918 1.6882 1.5852 1.4832 1.3824 1.2832 1.1859 1.0906 0.99761 0.90713 0.8193 0.73426 0.65213 0.57299 0.4969 0.42393 0.35408 0.28736 0.22378 0.16329 0.10587 0.051457
0.049826 0.10251 0.15811 0.21668 0.27825 0.34284 0.41047 0.48113 0.55479 0.63141 0.71093 0.79326 0.87829 0.96588 1.0559 1.1481 1.2424 1.3384 1.4359 1.5347 1.6344 1.7347 1.8353 1.9357 2.0357 2.1348 2.2326 2.3288 2.4229 2.5146 2.6035 2.6892 2.6035 2.5146 2.4229 2.3288 2.2326 2.1348 2.0357 1.9357 1.8353 1.7347 1.6344 1.5347 1.4359 1.3384 1.2424 1.1481 1.0559 0.96588 0.87829 0.79326 0.71093 0.63141 0.55479 0.48113 0.41047 0.34284 0.27825 0.21668 0.15811 0.10251 0.049826
0.048153 0.099065 0.15279 0.20938 0.26887 0.33128 0.39662 0.46488 0.53604 0.61006 0.68687 0.76639 0.84852 0.93313 1.0201 1.1091 1.2002 1.2929 1.3871 1.4825 1.5788 1.6756 1.7727 1.8697 1.9663 2.062 2.1564 2.2493 2.3402 2.4287 2.5146 2.5974 2.5146 2.4287 2.3402 2.2493 2.1564 2.062 1.9663 1.8697 1.7727 1.6756 1.5788 1.4825 1.3871 1.2929 1.2002 1.1091 1.0201 0.93313 0.84852 0.76639 0.68687 0.61006 0.53604 0.46488 0.39662 0.33128 0.26887 0.20938 0.15279 0.099065 0.048153
0.046441 0.09554 0.14735 0.20191 0.25927 0.31943 0.38242 0.44822 0.5168 0.58814 0.66216 0.7388 0.81794 0.89946 0.98322 1.069 1.1567 1.2461 1.3368 1.4287 1.5215 1.6148 1.7083 1.8017 1.8947 1.9869 2.0779 2.1673 2.2549 2.3402 2.4229 2.5027 2.4229 2.3402 2.2549 2.1673 2.0779 1.9869 1.8947 1.8017 1.7083 1.6148 1.5215 1.4287 1.3368 1.2461 1.1567 1.069 0.98322 0.89946 0.81794 0.7388 0.66216 0.58814 0.5168 0.44822 0.38242 0.31943 0.25927 0.20191 0.14735 0.09554 0.046441
0.044696 0.091944 0.1418 0.19429 0.24947 0.30734 0.36792 0.43119 0.49715 0.56573 0.6369 0.71057 0.78664 0.865 0.9455 1.028 1.1122 1.1981 1.2853 1.3736 1.4627 1.5523 1.6422 1.7319 1.8213 1.9098 1.9972 2.0832 2.1673 2.2493 2.3288 2.4055 2.3288 2.2493 2.1673 2.0832 1.9972 1.9098 1.8213 1.7319 1.6422 1.5523 1.4627 1.3736 1.2853 1.1981 1.1122 1.028 0.9455 0.865 0.78664 0.71057 0.6369 0.56573 0.49715 0.43119 0.36792 0.30734 0.24947 0.19429 0.1418 0.091944 0.044696
0.042923 0.08829 0.13615 0.18654 0.2395 0.29503 0.35316 0.41386 0.47713 0.54291 0.61116 0.68181 0.75474 0.82986 0.90703 0.98608 1.0668 1.1491 1.2327 1.3173 1.4027 1.4886 1.5747 1.6607 1.7463 1.8311 1.9149 1.9972 2.0779 2.1564 2.2326 2.3061 2.2326 2.1564 2.0779 1.9972 1.9149 1.8311 1.7463 1.6607 1.5747 1.4886 1.4027 1.3173 1.2327 1.1491 1.0668 0.98608 0.90703 0.82986 0.75474 0.68181 0.61116 0.54291 0.47713 0.41386 0.35316 0.29503 0.2395 0.18654 0.13615 0.08829 0.042923
0.041127 0.084588 0.13043 0.17868 0.22939 0.28255 0.33819 0.39628 0.45682 0.51975 0.58504 0.6526 0.72236 0.79418 0.86796 0.94353 1.0207 1.0994 1.1792 1.2601 1.3417 1.4237 1.506 1.5882 1.67 1.751 1.8311 1.9098 1.9869 2.062 2.1348 2.2051 2.1348 2.062 1.9869 1.9098 1.8311 1.751 1.67 1.5882 1.506 1.4237 1.3417 1.2601 1.1792 1.0994 1.0207 0.94353 0.86796 0.79418 0.72236 0.6526 0.58504 0.51975 0.45682 0.39628 0.33819 0.28255 0.22939 0.17868 0.13043 0.084588 0.041127
0.039313 0.080847 0.12465 0.17075 0.21917 0.26994 0.32305 0.37851 0.43628 0.49633 0.55862 0.62306 0.68959 0.75808 0.82843 0.90047 0.97406 1.049 1.1251 1.2022 1.2799 1.3581 1.4365 1.5148 1.5927 1.67 1.7463 1.8213 1.8947 1.9663 2.0357 2.1027 2.0357 1.9663 1.8947 1.8213 1.7463 1.67 1.5927 1.5148 1.4365 1.3581 1.2799 1.2022 1.1251 1.049 0.97406 0.90047 0.82843 0.75808 0.68959 0.62306 0.55862 0.49633 0.43628 0.37851 0.32305 0.26994 0.21917 0.17075 0.12465 0.080847 0.039313
0.037485 0.07708 0.11882 0.16275 0.20888 0.25723 0.3078 0.36059 0.41558 0.47272 0.53198 0.59329 0.65655 0.72169 0.78856 0.85705 0.927 0.99822 1.0705 1.1438 1.2176 1.2919 1.3664 1.4408 1.5148 1.5882 1.6607 1.7319 1.8017 1.8697 1.9357 1.9994 1.9357 1.8697 1.8017 1.7319 1.6607 1.5882 1.5148 1.4408 1.3664 1.2919 1.2176 1.1438 1.0705 0.99822 0.927 0.85705 0.78856 0.72169 0.65655 0.59329 0.53198 0.47272 0.41558 0.36059 0.3078 0.25723 0.20888 0.16275 0.11882 0.07708 0.037485
0.03565 0.073295 0.11297 0.15471 0.19854 0.24446 0.29248 0.3426 0.39478 0.44901 0.50522 0.56337 0.62336 0.68512 0.74851 0.81342 0.87971 0.9472 1.0157 1.0851 1.155 1.2254 1.2959 1.3664 1.4365 1.506 1.5747 1.6422 1.7083 1.7727 1.8353 1.8957 1.8353 1.7727 1.7083 1.6422 1.5747 1.506 1.4365 1.3664 1.2959 1.2254 1.155 1.0851 1.0157 0.9472 0.87971 0.81342 0.74851 0.68512 0.62336 0.56337 0.50522 0.44901 0.39478 0.3426 0.29248 0.24446 0.19854 0.15471 0.11297 0.073295 0.03565
0.033812 0.069505 0.10711 0.14666 0.18818 0.23167 0.27714 0.32457 0.37395 0.42525 0.47842 0.53341 0.59013 0.64849 0.7084 0.76974 0.83235 0.8961 0.96081 1.0263 1.0924 1.1588 1.2254 1.2919 1.3581 1.4237 1.4886 1.5523 1.6148 1.6756 1.7347 1.7918 1.7347 1.6756 1.6148 1.5523 1.4886 1.4237 1.3581 1.2919 1.2254 1.1588 1.0924 1.0263 0.96081 0.8961 0.83235 0.76974 0.7084 0.64849 0.59013 0.53341 0.47842 0.42525 0.37395 0.32457 0.27714 0.23167 0.18818 0.14666 0.10711 0.069505 0.033812
0.031975 0.065718 0.10126 0.13863 0.17784 0.2189 0.26181 0.30657 0.35316 0.40154 0.45167 0.50349 0.55694 0.61194 0.66837 0.72613 0.78509 0.84511 0.90602 0.96766 1.0298 1.0924 1.155 1.2176 1.2799 1.3417 1.4027 1.4627 1.5215 1.5788 1.6344 1.6882 1.6344 1.5788 1.5215 1.4627 1.4027 1.3417 1.2799 1.2176 1.155 1.0924 1.0298 0.96766 0.90602 0.84511 0.78509 0.72613 0.66837 0.61194 0.55694 0.50349 0.45167 0.40154 0.35316 0.30657 0.26181 0.2189 0.17784 0.13863 0.10126 0.065718 0.031975
0.030145 0.061945 0.095428 0.13062 0.16753 0.20617 0.24655 0.28865 0.33245 0.37792 0.42503 0.47372 0.52392 0.57556 0.62854 0.68275 0.73808 0.79439 0.85153 0.90935 0.96766 1.0263 1.0851 1.1438 1.2022 1.2601 1.3173 1.3736 1.4287 1.4825 1.5347 1.5852 1.5347 1.4825 1.4287 1.3736 1.3173 1.2601 1.2022 1.1438 1.0851 1.0263 0.96766 0.90935 0.85153 0.79439 0.73808 0.68275 0.62854 0.57556 0.52392 0.47372 0.42503 0.37792 0.33245 0.28865 0.24655 0.20617 0.16753 0.13062 0.095428 0.061945 0.030145
0.028325 0.058194 0.089633 0.12266 0.15729 0.19354 0.23139 0.27085 0.31189 0.35449 0.3986 0.44417 0.49115 0.53947 0.58902 0.63972 0.69145 0.74409 0.7975 0.85153 0.90602 0.96081 1.0157 1.0705 1.1251 1.1792 1.2327 1.2853 1.3368 1.3871 1.4359 1.4832 1.4359 1.3871 1.3368 1.2853 1.2327 1.1792 1.1251 1.0705 1.0157 0.96081 0.90602 0.85153 0.7975 0.74409 0.69145 0.63972 0.58902 0.53947 0.49115 0.44417 0.3986 0.35449 0.31189 0.27085 0.23139 0.19354 0.15729 0.12266 0.089633 0.058194 0.028325
0.026521 0.054476 0.083888 0.11478 0.14715 0.18102 0.21638 0.25322 0.29153 0.33128 0.37243 0.41493 0.45873 0.50376 0.54994 0.59717 0.64535 0.69436 0.74409 0.79439 0.84511 0.8961 0.9472 0.99822 1.049 1.0994 1.1491 1.1981 1.2461 1.2929 1.3384 1.3824 1.3384 1.2929 1.2461 1.1981 1.1491 1.0994 1.049 0.99822 0.9472 0.8961 0.84511 0.79439 0.74409 0.69436 0.64535 0.59717 0.54994 0.50376 0.45873 0.41493 0.37243 0.33128 0.29153 0.25322 0.21638 0.18102 0.14715 0.11478 0.083888 0.054476 0.026521
0.024736 0.050798 0.078207 0.10698 0.13712 0.16865 0.20155 0.23581 0.27143 0.30837 0.3466 0.38608 0.42674 0.46854 0.51139 0.5552 0.59989 0.64535 0.69145 0.73808 0.78509 0.83235 0.87971 0.927 0.97406 1.0207 1.0668 1.1122 1.1567 1.2002 1.2424 1.2832 1.2424 1.2002 1.1567 1.1122 1.0668 1.0207 0.97406 0.927 0.87971 0.83235 0.78509 0.73808 0.69145 0.64535 0.59989 0.5552 0.51139 0.46854 0.42674 0.38608 0.3466 0.30837 0.27143 0.23581 0.20155 0.16865 0.13712 0.10698 0.078207 0.050798 0.024736
0.022974 0.047169 0.072603 0.099289 0.12724 0.15645 0.18693 0.21866 0.25163 0.28581 0.32117 0.35767 0.39526 0.43389 0.47347 0.51394 0.5552 0.59717 0.63972 0.68275 0.72613 0.76974 0.81342 0.85705 0.90047 0.94353 0.98608 1.028 1.069 1.1091 1.1481 1.1859 1.1481 1.1091 1.069 1.028 0.98608 0.94353 0.90047 0.85705 0.81342 0.76974 0.72613 0.68275 0.63972 0.59717 0.5552 0.51394 0.47347 0.43389 0.39526 0.35767 0.32117 0.28581 0.25163 0.21866 0.18693 0.15645 0.12724 0.099289 0.072603 0.047169 0.022974
0.021239 0.043596 0.067086 0.091723 0.11751 0.14446 0.17256 0.2018 0.23217 0.26365 0.2962 0.32979 0.36437 0.39989 0.43628 0.47347 0.51139 0.54994 0.58902 0.62854 0.66837 0.7084 0.74851 0.78856 0.82843 0.86796 0.90703 0.9455 0.98322 1.0201 1.0559 1.0906 1.0559 1.0201 0.98322 0.9455 0.90703 0.86796 0.82843 0.78856 0.74851 0.7084 0.66837 0.62854 0.58902 0.54994 0.51139 0.47347 0.43628 0.39989 0.36437 0.32979 0.2962 0.26365 0.23217 0.2018 0.17256 0.14446 0.11751 0.091723 0.067086 0.043596 0.021239
0.019534 0.040085 0.061669 0.084294 0.10797 0.13269 0.15846 0.18527 0.2131 0.24193 0.27174 0.30248 0.33412 0.36661 0.39989 0.43389 0.46854 0.50376 0.53947 0.57556 0.61194 0.64849 0.68512 0.72169 0.75808 0.79418 0.82986 0.865 0.89946 0.93313 0.96588 0.99761 0.96588 0.93313 0.89946 0.865 0.82986 0.79418 0.75808 0.72169 0.68512 0.64849 0.61194 0.57556 0.53947 0.50376 0.46854 0.43389 0.39989 0.36661 0.33412 0.30248 0.27174 0.24193 0.2131 0.18527 0.15846 0.13269 0.10797 0.084294 0.061669 0.040085 0.019534
0.017862 0.036644 0.05636 0.077017 0.09862 0.12117 0.14467 0.1691 0.19445 0.2207 0.24783 0.2758 0.30458 0.33412 0.36437 0.39526 0.42674 0.45873 0.49115 0.52392 0.55694 0.59013 0.62336 0.65655 0.68959 0.72236 0.75474 0.78664 0.81794 0.84852 0.87829 0.90713 0.87829 0.84852 0.81794 0.78664 0.75474 0.72236 0.68959 0.65655 0.62336 0.59013 0.55694 0.52392 0.49115 0.45873 0.42674 0.39526 0.36437 0.33412 0.30458 0.2758 0.24783 0.2207 0.19445 0.1691 0.14467 0.12117 0.09862 0.077017 0.05636 0.036644 0.017862
0.016225 0.033278 0.051168 0.069903 0.089487 0.10992 0.1312 0.15331 0.17625 0.2 0.22452 0.24981 0.2758 0.30248 0.32979 0.35767 0.38608 0.41493 0.44417 0.47372 0.50349 0.53341 0.56337 0.59329 0.62306 0.6526 0.68181 0.71057 0.7388 0.76639 0.79326 0.8193 0.79326 0.76639 0.7388 0.71057 0.68181 0.6526 0.62306 0.59329 0.56337 0.53341 0.50349 0.47372 0.44417 0.41493 0.38608 0.35767 0.32979 0.30248 0.2758 0.24981 0.22452 0.2 0.17625 0.15331 0.1312 0.10992 0.089487 0.069903 0.051168 0.033278 0.016225
0.014627 0.029991 0.046102 0.062965 0.080582 0.098955 0.11808 0.13794 0.15854 0.17985 0.20185 0.22452 0.24783 0.27174 0.2962 0.32117 0.3466 0.37243 0.3986 0.42503 0.45167 0.47842 0.50522 0.53198 0.55862 0.58504 0.61116 0.6369 0.66216 0.68687 0.71093 0.73426 0.71093 0.68687 0.66216 0.6369 0.61116 0.58504 0.55862 0.53198 0.50522 0.47842 0.45167 0.42503 0.3986 0.37243 0.3466 0.32117 0.2962 0.27174 0.24783 0.22452 0.20185 0.17985 0.15854 0.13794 0.11808 0.098955 0.080582 0.062965 0.046102 0.029991 0.014627
0.013069 0.02679 0.041168 0.05621 0.071917 0.088289 0.10532 0.12301 0.14133 0.16029 0.17985 0.2 0.2207 0.24193 0.26365 0.28581 0.30837 0.33128 0.35449 0.37792 0.40154 0.42525 0.44901 0.47272 0.49633 0.51975 0.54291 0.56573 0.58814 0.61006 0.63141 0.65213 0.63141 0.61006 0.58814 0.56573 0.54291 0.51975 0.49633 0.47272 0.44901 0.42525 0.40154 0.37792 0.35449 0.33128 0.30837 0.28581 0.26365 0.24193 0.2207 0.2 0.17985 0.16029 0.14133 0.12301 0.10532 0.088289 0.071917 0.05621 0.041168 0.02679 0.013069
0.011554 0.023676 0.036373 0.049648 0.063503 0.077936 0.092945 0.10852 0.12466 0.14133 0.15854 0.17625 0.19445 0.2131 0.23217 0.25163 0.27143 0.29153 0.31189 0.33245 0.35316 0.37395 0.39478 0.41558 0.43628 0.45682 0.47713 0.49715 0.5168 0.53604 0.55479 0.57299 0.55479 0.53604 0.5168 0.49715 0.47713 0.45682 0.43628 0.41558 0.39478 0.37395 0.35316 0.33245 0.31189 0.29153 0.27143 0.25163 0.23217 0.2131 0.19445 0.17625 0.15854 0.14133 0.12466 0.10852 0.092945 0.077936 0.063503 0.049648 0.036373 0.023676 0.011554
0.010082 0.020654 0.031721 0.043285 0.055348 0.067908 0.080961 0.094502 0.10852 0.12301 0.13794 0.15331 0.1691 0.18527 0.2018 0.21866 0.23581 0.25322 0.27085 0.28865 0.30657 0.32457 0.3426 0.36059 0.37851 0.39628 0.41386 0.43119 0.44822 0.46488 0.48113 0.4969 0.48113 0.46488 0.44822 0.43119 0.41386 0.39628 0.37851 0.36059 0.3426 0.32457 0.30657 0.28865 0.27085 0.25322 0.23581 0.21866 0.2018 0.18527 0.1691 0.15331 0.13794 0.12301 0.10852 0.094502 0.080961 0.067908 0.055348 0.043285 0.031721 0.020654 0.010082
0.0086556 0.017726 0.027216 0.037127 0.04746 0.058212 0.069381 0.080961 0.092945 0.10532 0.11808 0.1312 0.14467 0.15846 0.17256 0.18693 0.20155 0.21638 0.23139 0.24655 0.26181 0.27714 0.29248 0.3078 0.32305 0.33819 0.35316 0.36792 0.38242 0.39662 0.41047 0.42393 0.41047 0.39662 0.38242 0.36792 0.35316 0.33819 0.32305 0.3078 0.29248 0.27714 0.26181 0.24655 0.23139 0.21638 0.20155 0.18693 0.17256 0.15846 0.14467 0.1312 0.11808 0.10532 0.092945 0.080961 0.069381 0.058212 0.04746 0.037127 0.027216 0.017726 0.0086556
0.0072755 0.014895 0.022863 0.031179 0.039843 0.048856 0.058212 0.067908 0.077936 0.088289 0.098955 0.10992 0.12117 0.13269 0.14446 0.15645 0.16865 0.18102 0.19354 0.20617 0.2189 0.23167 0.24446 0.25723 0.26994 0.28255 0.29503 0.30734 0.31943 0.33128 0.34284 0.35408 0.34284 0.33128 0.31943 0.30734 0.29503 0.28255 0.26994 0.25723 0.24446 0.23167 0.2189 0.20617 0.19354 0.18102 0.16865 0.15645 0.14446 0.13269 0.12117 0.10992 0.098955 0.088289 0.077936 0.067908 0.058212 0.048856 0.039843 0.031179 0.022863 0.014895 0.0072755
0.0059426 0.012163 0.018663 0.025443 0.032504 0.039843 0.04746 0.055348 0.063503 0.071917 0.080582 0.089487 0.09862 0.10797 0.11751 0.12724 0.13712 0.14715 0.15729 0.16753 0.17784 0.18818 0.19854 0.20888 0.21917 0.22939 0.2395 0.24947 0.25927 0.26887 0.27825 0.28736 0.27825 0.26887 0.25927 0.24947 0.2395 0.22939 0.21917 0.20888 0.19854 0.18818 0.17784 0.16753 0.15729 0.14715 0.13712 0.12724 0.11751 0.10797 0.09862 0.089487 0.080582 0.071917 0.063503 0.055348 0.04746 0.039843 0.032504 0.025443 0.018663 0.012163 0.0059426
0.0046576 0.0095297 0.014618 0.019922 0.025443 0.031179 0.037127 0.043285 0.049648 0.05621 0.062965 0.069903 0.077017 0.084294 0.091723 0.099289 0.10698 0.11478 0.12266 0.13062 0.13863 0.14666 0.15471 0.16275 0.17075 0.17868 0.18654 0.19429 0.20191 0.20938 0.21668 0.22378 0.21668 0.20938 0.20191 0.19429 0.18654 0.17868 0.17075 0.16275 0.15471 0.14666 0.13863 0.13062 0.12266 0.11478 0.10698 0.099289 0.091723 0.084294 0.077017 0.069903 0.062965 0.05621 0.049648 0.043285 0.037127 0.031179 0.025443 0.019922 0.014618 0.0095297 0.0046576
0.0034207 0.0069967 0.010729 0.014618 0.018663 0.022863 0.027216 0.031721 0.036373 0.041168 0.046102 0.051168 0.05636 0.061669 0.067086 0.072603 0.078207 0.083888 0.089633 0.095428 0.10126 0.10711 0.11297 0.11882 0.12465 0.13043 0.13615 0.1418 0.14735 0.15279 0.15811 0.16329 0.15811 0.15279 0.14735 0.1418 0.13615 0.13043 0.12465 0.11882 0.11297 0.10711 0.10126 0.095428 0.089633 0.083888 0.078207 0.072603 0.067086 0.061669 0.05636 0.051168 0.046102 0.041168 0.036373 0.031721 0.027216 0.022863 0.018663 0.014618 0.010729 0.0069967 0.0034207
0.0022322 0.0045643 0.0069967 0.0095297 0.012163 0.014895 0.017726 0.020654 0.023676 0.02679 0.029991 0.033278 0.036644 0.040085 0.043596 0.047169 0.050798 0.054476 0.058194 0.061945 0.065718 0.069505 0.073295 0.07708 0.080847 0.084588 0.08829 0.091944 0.09554 0.099065 0.10251 0.10587 0.10251 0.099065 0.09554 0.091944 0.08829 0.084588 0.080847 0.07708 0.073295 0.069505 0.065718 0.061945 0.058194 0.054476 0.050798 0.047169 0.043596 0.040085 0.036644 0.033278 0.029991 0.02679 0.023676 0.020654 0.017726 0.014895 0.012163 0.0095297 0.0069967 0.0045643 0.0022322
0.001092 0.0022322 0.0034207 0.0046576 0.0059426 0.0072755 0.0086556 0.010082 0.011554 0.013069 0.014627 0.016225 0.017862 0.019534 0.021239 0.022974 0.024736 0.026521 0.028325 0.030145 0.031975 0.033812 0.03565 0.037485 0.039313 0.041127 0.042923 0.044696 0.046441 0.048153 0.049826 0.051457 0.049826 0.048153 0.046441 0.044696 0.042923 0.041127 0.039313 0.037485 0.03565 0.033812 0.031975 0.030145 0.028325 0.026521 0.024736 0.022974 0.021239 0.019534 0.017862 0.016225 0.014627 0.013069 0.011554 0.010082 0.0086556 0.0072755 0.0059426 0.0046576 0.0034207 0.0022322 0.001092
