4.5364 1.3021
4.5394 1.3016
4.5418 1.2976
4.5448 1.2971
4.5478 1.2965
4.5502 1.2925
4.5532 1.292
4.5563 1.2915
4.5588 1.2874
4.5618 1.2869
4.5649 1.2864
4.5674 1.2823
4.5705 1.2818
4.5736 1.2812
4.5762 1.2772
4.5793 1.2766
4.5825 1.2761
4.5851 1.272
4.5883 1.2714
4.5915 1.2709
4.5941 1.2668
4.5973 1.2662
4.6006 1.2656
4.6033 1.2615
4.6065 1.2609
4.6093 1.2568
4.6121 1.2526
4.6153 1.2521
4.6181 1.2479
4.6215 1.2473
4.6243 1.2431
4.6276 1.2425
4.631 1.242
4.6339 1.2378
4.6372 1.2372
4.6406 1.2366
4.644 1.236
4.647 1.2318
4.6504 1.2312
4.6539 1.2306
4.6573 1.23
4.6608 1.2294
4.6643 1.2289
4.6678 1.2283
4.6713 1.2277
4.6748 1.2271
4.6783 1.2266
4.6814 1.2223
4.685 1.2217
4.6881 1.2174
4.6917 1.2169
4.6949 1.2126
4.6985 1.212
4.7021 1.2114
4.7058 1.2108
4.7094 1.2103
4.7131 1.2097
4.7168 1.2091
4.7205 1.2086
4.7242 1.208
4.7275 1.2037
4.7312 1.2031
4.735 1.2026
4.7387 1.202
4.7425 1.2015
4.7459 1.1972
4.7497 1.1966
4.7531 1.1923
4.7569 1.1917
4.7608 1.1912
4.7642 1.1868
4.7681 1.1863
4.7716 1.1819
4.7755 1.1814
4.7794 1.1809
4.7829 1.1765
4.7868 1.176
4.7908 1.1755
4.7944 1.1711
4.7983 1.1706
4.802 1.1662
4.806 1.1657
4.8096 1.1613
4.8133 1.157
4.817 1.1526
4.8207 1.1483
4.8247 1.1477
4.8285 1.1434
4.8322 1.139
4.836 1.1347
4.8401 1.1342
4.8443 1.1337
4.8481 1.1293
4.8519 1.125
4.8561 1.1245
4.8603 1.124
4.8645 1.1235
4.8684 1.1192
4.8723 1.1148
4.8765 1.1144
4.8805 1.11
4.8845 1.1057
4.8887 1.1052
4.8927 1.1009
4.897 1.1005
4.9014 1.1
4.9054 1.0957
4.9097 1.0953
4.9138 1.091
4.9182 1.0906
4.9225 1.0902
4.9267 1.0859
4.931 1.0855
4.9354 1.0851
4.9401 1.0886
4.9443 1.0843
4.9485 1.0801
4.9524 1.072
4.9564 1.0639
4.9607 1.0597
4.965 1.0555
4.9692 1.0513
4.9735 1.0471
4.9781 1.0468
4.9824 1.0426
4.9869 1.0423
4.9913 1.0382
4.9959 1.0379
5.0002 1.0337
5.0048 1.0334
5.0094 1.0332
5.014 1.0329
5.0184 1.0288
5.023 1.0285
5.0276 1.0283
5.0323 1.028
5.037 1.0316
5.0416 1.0314
5.0462 1.0312
5.0509 1.031
5.0555 1.0308
5.0601 1.0306
5.0648 1.0304
5.0694 1.0303
5.0741 1.0301
5.0786 1.0261
5.0833 1.026
5.0879 1.022
5.0926 1.0219
5.0972 1.0218
5.102 1.0255
5.1066 1.0254
5.1113 1.0253
5.116 1.0291
5.1207 1.029
5.1254 1.029
5.13 1.0328
5.1347 1.0328
5.1394 1.0327
5.1441 1.0327
5.1487 1.0327
5.1534 1.0327
5.1581 1.0327
5.1627 1.0328
5.1674 1.0289
5.1721 1.029
5.1768 1.029
5.1814 1.0291
5.1861 1.0292
5.1908 1.0293
5.1955 1.0255
5.2002 1.0256
5.2048 1.0257
5.2095 1.0258
5.2141 1.026
5.2188 1.0261
5.2235 1.0263
5.2282 1.0226
5.2329 1.0228
5.2375 1.023
5.2422 1.0231
5.2468 1.0233
5.2514 1.0235
5.2561 1.0238
5.2606 1.0278
5.2652 1.028
5.2698 1.0283
5.2744 1.0285
5.279 1.0288
5.2838 1.0253
5.2882 1.0293
5.2928 1.0296
5.2974 1.0299
5.302 1.0302
5.3065 1.0306
5.3111 1.0309
5.3156 1.0312
5.3202 1.0316
5.3247 1.0319
5.3293 1.0323
5.3338 1.0326
5.3383 1.033
5.3428 1.0334
5.3473 1.0338
5.3516 1.038
5.356 1.0384
5.3605 1.0388
5.3647 1.043
5.3692 1.0434
5.3734 1.0476
5.3778 1.0481
5.3819 1.0523
5.3863 1.0528
5.3907 1.0532
5.3951 1.0537
5.3995 1.0542
5.4042 1.0509
5.4085 1.0514
5.4129 1.0519
5.4172 1.0524
5.4215 1.0529
5.4259 1.0534
5.4302 1.054
5.4345 1.0545
5.4388 1.0551
5.443 1.0556
5.4473 1.0562
5.4515 1.0567
5.4554 1.061
5.4597 1.0616
5.4639 1.0622
5.4677 1.0665
5.4719 1.0671
5.4761 1.0677
5.4803 1.0683
5.4844 1.0689
5.4886 1.0695
5.4927 1.0701
5.4968 1.0707
5.5009 1.0714
5.505 1.072
5.5091 1.0726
5.5131 1.0733
5.5172 1.0739
5.5212 1.0746
5.5253 1.0753
5.5293 1.0759
5.5333 1.0766
5.5373 1.0773
5.5413 1.078
5.5452 1.0786
5.5492 1.0793
5.5531 1.08
5.5566 1.0844
5.5605 1.0851
5.5644 1.0858
5.5679 1.0901
5.5717 1.0908
5.5756 1.0915
5.5794 1.0922
5.5832 1.093
5.587 1.0937
5.5908 1.0944
5.5946 1.0952
5.5979 1.0995
5.6017 1.1002
5.605 1.1045
5.6087 1.1053
5.6119 1.1096
5.6156 1.1103
5.6193 1.1111
5.623 1.1118
5.6266 1.1126
5.6302 1.1133
5.6339 1.1141
5.6375 1.1148
5.6416 1.112
5.6452 1.1128
5.6487 1.1136
5.6523 1.1143
5.6558 1.1151
5.6589 1.1194
5.6629 1.1167
5.6664 1.1175
5.6699 1.1182
5.6734 1.119
5.6768 1.1198
5.6803 1.1206
5.6837 1.1214
5.6871 1.1222
5.6905 1.123
5.6939 1.1238
5.6973 1.1246
5.7007 1.1254
5.704 1.1262
5.7073 1.127
5.7107 1.1278
5.714 1.1286
5.7173 1.1294
5.7206 1.1302
5.7238 1.1311
5.7271 1.1319
5.7303 1.1327
5.7341 1.1301
5.7373 1.131
5.7405 1.1318
5.7437 1.1326
5.7469 1.1334
5.7506 1.1309
5.7537 1.1317
5.7569 1.1326
5.7605 1.1301
5.7636 1.1309
5.7667 1.1318
5.7698 1.1326
5.7729 1.1335
5.7759 1.1343
5.779 1.1352
5.782 1.136
5.785 1.1369
5.788 1.1377
