-0.26383 1.2423
-0.26086 1.2416
-0.25788 1.241
-0.25489 1.2403
-0.25243 1.2363
-0.24941 1.2356
-0.24638 1.235
-0.24334 1.2343
-0.24028 1.2337
-0.23722 1.233
-0.23414 1.2324
-0.23104 1.2317
-0.22847 1.2276
-0.22534 1.2269
-0.22221 1.2263
-0.21959 1.2222
-0.21643 1.2215
-0.21326 1.2209
-0.21007 1.2202
-0.20739 1.216
-0.20417 1.2154
-0.20095 1.2147
-0.19822 1.2105
-0.19497 1.2099
-0.1917 1.2092
-0.18893 1.205
-0.18563 1.2044
-0.18283 1.2002
-0.18001 1.1959
-0.17667 1.1953
-0.17332 1.1946
-0.17046 1.1904
-0.16708 1.1897
-0.16418 1.1855
-0.16077 1.1848
-0.15785 1.1805
-0.1549 1.1763
-0.15194 1.172
-0.14897 1.1677
-0.14548 1.167
-0.14198 1.1664
-0.13847 1.1657
-0.13495 1.165
-0.13189 1.1607
-0.12833 1.16
-0.12477 1.1593
-0.12119 1.1586
-0.11759 1.1579
-0.11446 1.1536
-0.11083 1.153
-0.10766 1.1486
-0.10401 1.148
-0.10081 1.1436
-0.097124 1.143
-0.093887 1.1386
-0.090176 1.138
-0.086905 1.1336
-0.083164 1.133
-0.07986 1.1286
-0.07609 1.1279
-0.072751 1.1236
-0.068952 1.1229
-0.065579 1.1186
-0.062187 1.1143
-0.058342 1.1136
-0.054917 1.1092
-0.051473 1.1049
-0.04801 1.1006
-0.044529 1.0962
-0.040606 1.0956
-0.03709 1.0912
-0.033138 1.0905
-0.029173 1.0899
-0.025195 1.0892
-0.021612 1.0849
-0.017605 1.0842
-0.013586 1.0836
-0.0095536 1.0829
-0.0055091 1.0823
-0.001452 1.0817
0.0022309 1.0773
0.0059327 1.073
0.0096534 1.0687
0.013393 1.0644
0.017152 1.0601
0.020557 1.0521
0.023987 1.0441
0.027809 1.0398
0.03165 1.0355
0.03515 1.0276
0.039033 1.0234
0.042936 1.0191
0.047209 1.0185
0.051494 1.0179
0.056133 1.0209
0.060774 1.024
0.065749 1.0308
0.070714 1.0376
0.07535 1.0407
0.079988 1.0439
0.084627 1.0471
0.088962 1.0466
0.093307 1.0461
0.097366 1.0418
0.10174 1.0413
0.10612 1.0408
0.11022 1.0366
0.11435 1.0324
0.11877 1.0319
0.12292 1.0277
0.12737 1.0272
0.13156 1.023
0.13602 1.0226
0.1405 1.0221
0.14498 1.0217
0.14947 1.0213
0.15397 1.0209
0.15848 1.0204
0.16277 1.0163
0.1673 1.0159
0.17184 1.0155
0.17639 1.0151
0.18094 1.0148
0.1857 1.0182
0.19007 1.0141
0.19484 1.0175
0.19942 1.0171
0.20418 1.0206
0.20877 1.0203
0.21336 1.02
0.21796 1.0197
0.2224 1.0156
0.22686 1.0116
0.23148 1.0113
0.23611 1.011
0.24061 1.007
0.24526 1.0068
0.24991 1.0066
0.25457 1.0063
0.25923 1.0061
0.26389 1.0059
0.26846 1.002
0.27313 1.0018
0.27782 1.0016
0.2825 1.0014
0.28711 0.99751
0.29189 1.0011
0.29658 1.001
0.30128 1.0009
0.30598 1.0008
0.31068 1.0006
0.31539 1.0006
0.32009 1.0005
0.3248 1.0004
0.32951 1.0003
0.33422 1.0003
0.33894 1.0002
0.34365 1.0002
0.34836 1.0002
0.35308 1.0001
0.35779 1.0001
0.36251 1.0001
0.36722 1.0002
0.37193 1.0002
0.37665 1.0002
0.38136 1.0003
0.38607 1.0003
0.39078 1.0004
0.39549 1.0005
0.40015 1.0043
0.40485 1.0044
0.40954 1.0045
0.41417 1.0084
0.41878 1.0123
0.42346 1.0125
0.42814 1.0126
0.43272 1.0166
0.43739 1.0167
0.44195 1.0207
0.4466 1.0209
0.45124 1.0211
0.45577 1.0251
0.46041 1.0253
0.46503 1.0255
0.46966 1.0257
0.47414 1.0298
0.47875 1.03
0.48336 1.0303
0.48795 1.0305
0.49255 1.0308
0.49714 1.0311
0.50172 1.0314
0.50629 1.0317
0.51086 1.032
0.51543 1.0323
0.51998 1.0326
0.52453 1.0329
0.52907 1.0333
0.53361 1.0336
0.53814 1.034
0.54266 1.0343
0.54717 1.0347
0.55168 1.0351
0.55595 1.0393
0.56043 1.0397
0.56491 1.0401
0.56937 1.0405
0.57383 1.0409
0.57828 1.0413
0.58247 1.0456
0.58689 1.046
0.59131 1.0465
0.59572 1.0469
0.59985 1.0512
0.60423 1.0516
0.60832 1.0559
0.61268 1.0564
0.61704 1.0568
0.62108 1.0611
0.62541 1.0616
0.62972 1.0621
0.63403 1.0626
0.63801 1.0669
0.64229 1.0674
0.64656 1.068
0.65082 1.0685
0.65507 1.0691
0.65931 1.0696
0.66354 1.0702
0.66775 1.0707
0.67196 1.0713
0.6758 1.0756
0.67998 1.0762
0.68378 1.0805
0.68793 1.0811
0.69207 1.0817
0.6962 1.0823
0.70031 1.0829
0.70441 1.0835
0.7085 1.0841
0.71258 1.0847
0.71665 1.0854
0.7207 1.086
0.72474 1.0866
0.72877 1.0873
0.73279 1.0879
0.73679 1.0886
0.74119 1.0855
0.74517 1.0862
0.74872 1.0905
0.75267 1.0912
0.75619 1.0956
0.76011 1.0962
0.76402 1.0969
0.76792 1.0976
0.7718 1.0983
0.77567 1.099
0.77953 1.0997
0.78337 1.1004
0.7872 1.1011
0.79102 1.1018
0.79482 1.1025
0.79861 1.1032
0.80239 1.1039
0.80569 1.1082
0.80944 1.109
0.81317 1.1097
0.81689 1.1104
0.82013 1.1147
0.82382 1.1155
0.82749 1.1162
0.83115 1.1169
0.8348 1.1177
0.83796 1.122
0.84157 1.1227
0.84518 1.1235
0.84877 1.1242
0.85235 1.125
0.85591 1.1257
0.85946 1.1265
0.8625 1.1307
0.86602 1.1315
0.86953 1.1322
0.87302 1.133
0.8765 1.1338
0.87996 1.1345
0.88342 1.1353
0.88634 1.1395
0.88976 1.1403
0.89317 1.1411
0.89657 1.1418
0.89995 1.1426
0.90331 1.1434
0.90615 1.1476
0.90948 1.1484
0.91281 1.1491
0.91612 1.1499
0.91889 1.1541
0.92217 1.1549
0.92544 1.1557
0.92816 1.1599
0.9314 1.1606
0.93462 1.1614
0.9373 1.1656
0.9405 1.1663
0.94368 1.1671
0.94631 1.1713
0.94947 1.172
0.95261 1.1728
0.95574 1.1735
0.95831 1.1777
0.96141 1.1784
0.96396 1.1826
0.96703 1.1833
0.97009 1.184
0.97314 1.1848
0.97617 1.1855
0.97919 1.1863
0.9822 1.187
0.9852 1.1878
0.98818 1.1885
