-0.0962 1.1397
-0.093734 1.1392
-0.091262 1.1388
-0.089087 1.1359
-0.086602 1.1355
-0.084413 1.1326
-0.081914 1.1321
-0.07971 1.1292
-0.077198 1.1288
-0.074979 1.1259
-0.072454 1.1254
-0.070219 1.1225
-0.067976 1.1197
-0.065432 1.1192
-0.063174 1.1163
-0.060907 1.1134
-0.058342 1.113
-0.056061 1.1101
-0.053771 1.1072
-0.051473 1.1043
-0.049166 1.1014
-0.046852 1.0985
-0.044529 1.0956
-0.041915 1.0952
-0.039577 1.0923
-0.03695 1.0918
-0.034317 1.0914
-0.031679 1.0909
-0.029311 1.088
-0.02666 1.0876
-0.024003 1.0872
-0.02134 1.0867
-0.018672 1.0863
-0.016267 1.0834
-0.013586 1.083
-0.010899 1.0825
-0.0082068 1.0821
-0.0055091 1.0817
-0.0028057 1.0813
-0.00035613 1.0784
0.0023598 1.0779
0.0048249 1.0751
0.0072985 1.0722
0.0097804 1.0693
0.012271 1.0664
0.014769 1.0635
0.017027 1.0582
0.019295 1.0529
0.021821 1.05
0.02411 1.0447
0.026655 1.0419
0.029209 1.039
0.031529 1.0337
0.034101 1.0309
0.036682 1.028
0.039272 1.0252
0.04187 1.0223
0.044477 1.0195
0.047326 1.0191
0.050412 1.0211
0.053041 1.0183
0.056133 1.0203
0.059227 1.0223
0.062545 1.0268
0.065859 1.0314
0.068951 1.0334
0.072043 1.0355
0.07535 1.0401
0.078442 1.0422
0.081743 1.0468
0.084833 1.049
0.08772 1.0486
0.090409 1.0458
0.093307 1.0455
0.09621 1.0451
0.09892 1.0423
0.10183 1.0419
0.10456 1.0391
0.10748 1.0388
0.11022 1.036
0.11316 1.0357
0.11591 1.0328
0.11867 1.03
0.12163 1.0297
0.1244 1.0269
0.12737 1.0266
0.13016 1.0238
0.13313 1.0235
0.13611 1.0232
0.13892 1.0204
0.14191 1.0201
0.1449 1.0198
0.14789 1.0195
0.15089 1.0193
0.15389 1.019
0.1569 1.0187
0.15991 1.0184
0.16292 1.0182
0.16594 1.0179
0.16896 1.0176
0.17199 1.0174
0.17501 1.0171
0.17804 1.0169
0.18108 1.0166
0.18412 1.0164
0.18716 1.0162
0.1902 1.0159
0.19325 1.0157
0.19643 1.018
0.19948 1.0178
0.20265 1.0201
0.20571 1.0199
0.20888 1.0222
0.21194 1.022
0.21489 1.0193
0.21796 1.0191
0.22092 1.0163
0.22388 1.0136
0.22696 1.0135
0.22994 1.0108
0.23303 1.0106
0.23611 1.0104
0.23911 1.0077
0.24221 1.0076
0.2453 1.0074
0.24832 1.0047
0.25142 1.0046
0.25453 1.0044
0.25763 1.0043
0.26074 1.0042
0.26386 1.004
0.26697 1.0039
0.27009 1.0038
0.27313 1.0011
0.27626 1.001
0.27938 1.0009
0.2825 1.0008
0.28563 1.0007
0.2887 0.99809
0.29189 1.0005
0.29502 1.0004
0.29815 1.0003
0.30128 1.0002
0.30441 1.0002
0.30755 1.0001
0.31068 1
0.31382 0.99995
0.31696 0.99989
0.32009 0.99984
0.32323 0.99978
0.32637 0.99974
0.32951 0.99969
0.33265 0.99966
0.3358 0.99962
0.33894 0.99959
0.34208 0.99957
0.34523 1.0021
0.34836 0.99953
0.35151 0.99952
0.35465 0.99952
0.35779 0.99951
0.36094 0.99952
0.36408 0.99952
0.36722 0.99953
0.37036 0.99955
0.37351 0.99957
0.37665 0.99959
0.37979 0.99962
0.38293 0.99966
0.38607 0.99969
0.38919 1.0023
0.39232 1.0023
0.39546 1.0024
0.3986 1.0024
0.40173 1.0025
0.40483 1.0051
0.40796 1.0051
0.41104 1.0077
0.41417 1.0078
0.41725 1.0104
0.42037 1.0105
0.42344 1.0131
0.42655 1.0132
0.42967 1.0133
0.43272 1.0159
0.43577 1.0186
0.43888 1.0187
0.44198 1.0188
0.44508 1.0189
0.44811 1.0216
0.45121 1.0217
0.45423 1.0244
0.45732 1.0245
0.46041 1.0246
0.46349 1.0248
0.46658 1.0249
0.46957 1.0276
0.47265 1.0278
0.47563 1.0305
0.4787 1.0306
0.48177 1.0308
0.48484 1.031
0.4879 1.0312
0.49096 1.0313
0.49402 1.0315
0.49708 1.0317
0.50013 1.0319
0.50319 1.0321
0.50623 1.0323
0.50928 1.0325
0.51232 1.0327
0.51536 1.0329
0.5184 1.0331
0.52144 1.0333
0.52447 1.0336
0.5275 1.0338
0.53052 1.034
0.53354 1.0343
0.53656 1.0345
0.53958 1.0347
0.54259 1.035
0.5456 1.0352
0.5486 1.0355
0.5516 1.0357
0.55445 1.0385
0.55744 1.0388
0.56043 1.039
0.56341 1.0393
0.5664 1.0396
0.56937 1.0399
0.57218 1.0427
0.57515 1.043
0.57811 1.0432
0.58107 1.0435
0.58403 1.0438
0.58698 1.0441
0.58993 1.0444
0.59287 1.0447
0.59581 1.045
0.59857 1.0479
0.60131 1.0507
0.60404 1.0535
0.60677 1.0563
0.60968 1.0567
0.61259 1.057
0.61549 1.0573
0.61839 1.0576
0.62108 1.0605
0.62397 1.0608
0.62685 1.0612
0.62972 1.0615
0.6326 1.0618
0.63526 1.0647
0.63812 1.065
0.64097 1.0654
0.64382 1.0657
0.64667 1.0661
0.64951 1.0665
0.65235 1.0668
0.65518 1.0672
0.65801 1.0676
0.66083 1.0679
0.66365 1.0683
0.66623 1.0712
0.66904 1.0715
0.67184 1.0719
0.67464 1.0723
0.67719 1.0752
0.67998 1.0756
0.68252 1.0784
0.68529 1.0788
0.68805 1.0792
0.69057 1.0821
0.69332 1.0825
0.69607 1.0829
0.69857 1.0858
0.70155 1.0837
0.70429 1.0841
0.70701 1.0845
0.70974 1.0849
0.71245 1.0854
0.71516 1.0858
0.71787 1.0862
0.72057 1.0866
0.72326 1.087
0.72595 1.0875
0.72864 1.0879
0.73132 1.0883
0.73426 1.0863
0.73693 1.0867
0.73959 1.0872
0.74224 1.0876
0.7449 1.088
0.74754 1.0885
0.7499 1.0914
0.75253 1.0918
0.75516 1.0923
0.7575 1.0952
0.76011 1.0956
0.76272 1.0961
0.76504 1.099
0.76763 1.0994
0.77022 1.0999
0.7728 1.1003
0.77567 1.0984
0.77795 1.1012
0.78052 1.1017
0.78308 1.1022
0.78563 1.1026
0.78818 1.1031
0.79072 1.1036
0.79326 1.1041
0.79579 1.1045
0.79861 1.1026
0.80083 1.1055
0.80334 1.106
0.80585 1.1064
0.80835 1.1069
0.81084 1.1074
0.81302 1.1103
0.8155 1.1108
