NaN NaN NaN NaN NaN NaN NaN NaN NaN NaN NaN NaN NaN NaN NaN NaN NaN NaN NaN NaN NaN NaN NaN NaN NaN NaN NaN NaN NaN NaN NaN
NaN NaN NaN NaN NaN NaN NaN NaN NaN NaN NaN NaN NaN NaN NaN NaN NaN NaN NaN NaN NaN NaN NaN NaN NaN NaN NaN NaN NaN NaN NaN
NaN NaN NaN NaN NaN NaN NaN NaN NaN NaN NaN NaN NaN NaN NaN NaN NaN NaN NaN NaN NaN NaN NaN NaN NaN NaN NaN NaN NaN NaN NaN
NaN NaN NaN NaN NaN NaN NaN NaN NaN NaN NaN NaN NaN NaN NaN NaN NaN NaN NaN NaN NaN NaN NaN NaN NaN NaN NaN NaN NaN NaN NaN
NaN NaN NaN NaN NaN NaN NaN NaN NaN NaN NaN NaN NaN 7.173 92.408 87.33 34.096 39.17 43.373 15.18 4.3204 NaN NaN NaN NaN NaN NaN NaN NaN NaN NaN
NaN NaN NaN NaN NaN NaN NaN NaN 55.781 93.443 113.36 165.01 160.22 185.34 182.23 179.31 159.55 135.45 142.18 149.12 124.8 119.15 92.514 48.202 10.045 38.386 1.1263 NaN NaN NaN NaN
26.399 31.441 41.049 45.083 99.466 136.33 179.62 242.61 265.17 263.22 263.3 263.5 252.43 252.58 251.67 257.43 270.47 257.49 228.47 234.21 243.23 208.38 208.31 207.51 178.45 167.23 148.31 108.24 14.341 NaN NaN
192.18 204.15 210.34 222.45 261.03 307.34 335.43 361.19 390.28 380.31 374.38 353.49 336.31 320.81 329.81 350.37 332.33 313.41 299.51 296.4 294.46 301.5 309.17 291.26 270.28 243.59 245.58 245.32 194.54 150.36 14.225
217.28 244.54 298.25 345.26 368.83 385.46 394.39 401.85 424.42 445.66 449.67 442.53 439.48 426.35 401.34 395.53 370.99 390.39 392.32 393.4 414.34 410.48 420.48 411.41 417.39 426.57 425.66 386.24 328.54 253.3 215.29
328.85 351.63 379.33 406.52 418.66 432.66 459.61 465.55 470.8 482.38 486.67 482.51 484.36 478.66 459.41 454.43 438.69 436.31 492.62 497.63 519.84 496.49 477.6 468.29 477.49 480.43 486.29 481.34 467.31 429.34 397.43
424.41 455.44 457.37 457.4 463.58 475.54 507.44 526.44 537.65 544.42 542.48 539.49 539.37 539.64 552.39 523.35 522.55 521.56 526.51 583.62 605.35 605.45 581.42 581.48 554.49 541.91 527.57 528.72 512.3 508.62 480.42
461.41 479.45 502.31 500.35 510.45 530.42 551.38 567.45 580.36 588.57 596.5 598.33 613.47 626.39 618.59 611.4 596.48 602.55 605.48 646.51 653.74 655.87 649.46 636.54 626.44 595.53 579.39 578.36 566.44 553.47 537.61
496.19 497.24 518.61 549.31 575.39 587.49 593.52 609.61 623.53 637.59 643.52 647.46 657.44 662.44 651.36 650.78 666.98 695.43 695.67 687.47 692.55 691.69 681.45 668.53 670.56 669.56 640.09 628.1 627.47 614.32 594.48
517.25 531.51 580.64 599.66 628.62 629.54 634.48 639.54 656.73 667.65 676.5 681.8 697.75 701.46 696.42 708.85 732.43 735.62 731.53 724.47 720.55 727.73 727.51 712.59 706.48 705.65 693.69 656.59 665.38 671.69 649.46
574.6 600.53 613.37 631.59 649.71 659.44 670.65 679.52 695.6 704.47 712.79 731.93 743.02 747.78 756.64 769.62 771.57 772.72 769.67 764.54 750.79 767.61 766.54 760.68 750.43 746.41 736.71 686.85 707.59 716.54 703.44
614.59 632.41 650.62 663.78 675.08 684.5 696.82 719.62 730.82 750.64 763.92 775.6 780.5 786.66 788.61 793.43 799.62 802.59 801.54 803.66 810.58 816.44 812.47 796.59 786.51 786.45 778.43 778.47 732.38 742.55 747.64
644.47 666.44 677.62 682.4 705.47 723.52 743.63 757.8 780.49 798.62 808.67 825.63 829.62 834.55 844.5 853.67 856.53 860.48 857.48 861.58 853.68 851.55 858.5 848.45 836.48 837.57 830.47 811.53 812.52 792.52 778.42
685.36 695.58 722.48 745.51 767.51 779.78 804.42 804.43 840.46 846.49 862.5 874.51 882.49 883.51 888.56 899.56 904.51 911.58 912.53 911.48 908.53 917.55 912.55 894.57 884.49 879.47 874.49 869.54 873.55 900.69 887.69
740.59 766.61 792.53 821.54 828.62 846.52 860.52 881.48 903.5 937.48 944.49 961.52 964.5 960.59 958.62 993.58 973.58 969.57 977.54 992.52 1016.5 1045.6 1036.6 1027.6 1021.6 1020.6 1019.6 1022.6 1024.5 1020.7 1018.5
817.54 842.51 853.5 870.54 883.46 901.79 935.68 983.53 1073.6 1099.6 1118.6 1146.6 1156.7 1246.6 1283.7 1281.8 1261.6 1267.7 NaN NaN 1154.6 1105.6 1088.6 1076.6 1068.6 1064.6 1065.6 1067.6 1068.6 1066.6 1057.7
879.5 896.48 911.52 920.54 959.64 1061.6 1109.6 1120.6 1148.6 1183.6 1184.6 1262.6 1316.7 1341.7 1346.8 1330.7 NaN NaN NaN NaN NaN NaN 1163.6 1142.6 1130.6 NaN 1138.7 1122.6 1123.6 1124.6 1111.6
939.52 956.6 1046.6 1146.6 1151.7 1169.6 1185.6 1191.7 1221.7 1241.7 1309.7 1390.7 1389.7 1383.8 1388.8 NaN NaN NaN NaN NaN NaN NaN NaN NaN NaN NaN NaN NaN NaN 1201.7 1179.6
1160.7 1192.6 1197.6 1182.6 1208.6 1238.6 1235.6 1258.7 1287.7 1417.3 1440.8 1435.9 1429.8 NaN NaN NaN NaN NaN NaN NaN NaN NaN NaN NaN NaN NaN NaN NaN NaN NaN NaN
1249.7 1255.6 1244.6 1261.6 1280.7 1293.7 1304.7 1336.7 1482.9 1487.8 1474.8 NaN NaN NaN NaN NaN NaN NaN NaN NaN NaN NaN NaN NaN NaN NaN NaN NaN NaN NaN NaN
1309.7 1322.7 1321.7 1321.7 1318.7 1365.7 1526.8 NaN NaN NaN NaN NaN NaN NaN NaN NaN NaN NaN NaN NaN NaN NaN NaN NaN NaN NaN NaN NaN NaN NaN NaN
1365.7 1363.7 1455.7 1513.8 1595.8 NaN NaN NaN NaN NaN NaN NaN NaN NaN NaN NaN NaN NaN NaN NaN NaN NaN NaN NaN NaN NaN NaN NaN NaN NaN NaN
1503.7 1597.7 1655.8 1662.8 NaN NaN NaN NaN NaN NaN NaN NaN NaN NaN NaN NaN NaN NaN NaN NaN NaN NaN NaN NaN NaN NaN NaN NaN NaN NaN NaN
1707.8 NaN NaN NaN NaN NaN NaN NaN NaN NaN NaN NaN NaN NaN NaN NaN NaN NaN NaN NaN NaN NaN NaN NaN NaN NaN NaN NaN NaN NaN NaN
NaN NaN NaN NaN NaN NaN NaN NaN NaN NaN NaN NaN NaN NaN NaN NaN NaN NaN NaN NaN NaN NaN NaN NaN NaN NaN NaN NaN NaN NaN NaN
NaN NaN NaN NaN NaN NaN NaN NaN NaN NaN NaN NaN NaN NaN NaN NaN NaN NaN NaN NaN NaN NaN NaN NaN NaN NaN NaN NaN NaN NaN NaN
NaN NaN NaN NaN NaN NaN NaN NaN NaN NaN NaN NaN NaN NaN NaN NaN NaN NaN NaN NaN NaN NaN NaN NaN NaN NaN NaN NaN NaN NaN NaN
